9.292477108797122e-05
0.00014281716811212302
8.621005844888721e-05
0.0001352339525605971
0.00010613418234095037
0.00012912175251718767
8.370805524235346e-05
-0.00012003047809124082
0.00014701564717086967
0.00012766428020399997
0.00010018275839108706
-0.00010903269459177972
0.0001518614589363634
0.00011077477998548693
0.00011752358921050744
0.0001416759313619201
0.00011522429957583321
0.00014021392915164333
-0.0001298432200463073
0.0001300563504993355
0.0001296188398362761
0.00013460751205436822
0.0001280293179156991
0.00010663764901293213
0.00013328633273840935
0.00011915479345679981
0.0001137382107215984
0.00012871924459834604
0.0001315295048126451
0.00012981214266603698
0.00016221741533871425
0.00012584409238725018
0.00014497105736610354
0.00011527763545740858
0.00017963788999926308
0.00010520323324243135
0.0001193989703207422
0.0001300596363868792
0.00010971473363157662
0.00010806214447881987
0.00010741490835306735
8.112934556074396e-05
0.00011201131914729015
7.407281372097875e-05
0.00011149856136689812
0.00010809176877935428
0.0001146351927123615
-0.00013239983229992934
-0.00013032200160118258
0.00013083919581597146
