0.00010006775032165561
0.00013256643240373497
0.00011910011607271216
0.00012301404755888596
0.0001307068394832931
0.00012617216359990605
0.00010320126693385108
0.00010106554771057201
0.0001297124199971111
0.00013106102849440174
0.00015091046670149695
0.00013753682273853285
0.00011479943680200827
0.00014605061528404393
0.0001463164835035834
0.00013294400727929527
0.00012216493198290992
0.0001562062000029024
0.00012276429194080658
0.00011229514617904847
0.00015314809040664393
0.00014285969728781148
0.0001297805435675696
0.00012756978358866762
0.00014373659690250802
0.0001243332953627318
9.89338944622917e-05
0.0001402606257081575
0.00012036566982724787
0.00011013412845259428
-0.00014650106847045579
0.00011921285094365001
0.00014147851332785164
0.00011803594910676222
0.00019408006068580524
0.0001387604316706904
0.0001362368198608711
0.00014469118553375436
0.00014130021418333583
0.00018449033952194955
0.00012640140122049612
0.00012021204513467952
0.00012353695315738306
0.00014471921864365775
0.00010239384553271027
0.00012748732506334532
0.0001037097541768046
8.290136314675503e-05
0.00011725283740554302
6.466401177929433e-05
0.0001158811339593877
0.00014085815187452278
8.642105025963463e-05
0.0001512728535615839
0.00014699339863246002
0.00014104281992131497
0.00014290261334255525
0.0001241934012891297
