0.00011352688131899726
-9.329972097707865e-05
0.0001775525811409837
-8.975013391998624e-05
8.980152065578543e-05
0.00016637743209677014
0.00010720662176511244
9.183742136331331e-05
-9.022077293255249e-05
0.0001498695492891523
0.00013436444206975118
6.469492430113459e-05
0.00014503016196190164
-0.00012851677323391848
9.049775251223185e-05
0.00010199998301232765
0.00022593521926097344
0.0001529714200363704
0.0001246061827827009
0.00015056106009270128
0.00021107481016083775
0.00010836447373394127
-0.00011536877952384731
0.00012610723992442682
9.997917328022902e-05
0.00012651551920119945
0.00013634091083343243
-0.00011348834893192502
0.00011720775059274855
0.00011180381260907447
0.0001564599727378388
0.00019520754462298557
0.00018975406618451673
0.0001528652403792571
0.00013253974536356824
0.00014697069074905562
0.00010953791802608499
6.697702073316522e-05
0.00012032004760587967
9.733428013341499e-05
-9.941847692960765e-05
0.00011650835646681423
0.00017273205851606137
0.00021478849422554042
8.457403122515574e-05
0.00020037074754255402
0.00010983542572805662
9.842699145027096e-05
0.00016024108668992478
0.0001356068892338229
7.387458763273435e-05
0.00011802020206995356
0.00014874901403410723
0.00017824048133614407
0.00015536383287354522
0.00013803344397552323
9.725097892609449e-05
0.0001259040225477762
-0.0001040244207820227
8.515351514933472e-05
0.0001517182040569021
7.9278329386213e-05
0.00012094134636925558
0.00017153480958643084
0.0001763287463821912
0.00012499127947555145
0.0001253157339381202
0.00014880912659931913
0.00012254977267521535
0.000153962917626078
-6.884324494499711e-05
0.00011727742112738193
0.00010695845594551108
0.00016708921125757953
6.44378816077049e-05
0.00014328698950326436
0.00012294324562460174
0.00014875344426496754
0.00010092931364826325
0.0001619916691197381
0.00013035423807019835
0.00014368512826760845
-0.0001277023356818727
0.00010816156237246095
0.00014902647183226322
0.00011084627660221642
0.00015583950695701669
-3.165173025137948e-05
0.0001495172675110508
0.00012079391318996412
0.00013306554909106792
0.00012738364286899598
9.939018281401736e-05
-0.00014015727765314992
0.00015928210399180262
9.342774786913985e-05
-5.6714472804383175e-05
0.0001949204877182803
9.438788848697817e-05
-0.00012528644949925968
-9.357701370390524e-05
6.580730525346854e-05
0.00014062453682799436
0.00018915781626145208
0.00014994244859755545
0.00011719123568589296
0.00017016847966529137
8.701688851853057e-05
0.00013137924510289294
0.00011669451412201664
0.00017543705752897022
0.00026731421904541326
0.00014671660523879983
8.391955442641824e-05
0.00012405313553958555
0.00013954339346134334
0.0001307596351560484
0.00011545438396375665
0.00013743033467035555
0.00014048853320075598
0.000135635931447967
0.00019191684605029854
0.00012638865615332502
0.00014522808034681802
0.00013578113968304548
0.00021495424908638336
0.00018262416026015757
0.0001431630834188193
0.00018338102470517338
0.00012593342017278678
0.00010098189194086326
-0.0001149350493498553
7.255356831929422e-05
-0.00014606913060917254
6.0036236094188076e-05
0.00012140181305564836
8.870235277075532e-05
0.00011561310443947751
0.00013655367078735243
0.00013392244888983678
0.0001191021069887359
0.00017286089180025392
0.00019957389247139958
9.74981122617972e-05
8.750959916759697e-05
0.00010655030656075261
0.00010892178087554131
0.00010996026220629641
0.00011036898070415783
9.964767783193362e-05
-0.00012978233974782647
7.5282850663539e-05
0.00010761284264063747
0.00012069984177598348
8.225963573911744e-05
0.00010744298034311792
6.205348716032876e-05
-1.306689270522245e-05
9.720975521363314e-05
0.00017291770766770555
0.0001468760424089694
-6.279858567295476e-05
9.645328573885126e-05
6.521598059337202e-05
9.054269638644126e-05
0.00016225013649718244
0.00011601737798295034
0.0001002509511510945
0.0001451915837305777
0.00011541806013497385
6.048158091504801e-05
-7.29339935325289e-05
0.0001142957894036651
0.0001986928372444169
0.00010177995141368272
-0.00011229058056401953
0.00017845316815480946
0.00015659578125449446
8.898915032504824e-05
-0.0001397275454414395
0.00017985635282008873
0.00010508946729613071
0.0001253686179281251
0.0001520087585410848
0.0001358469520195612
0.00012544378673475355
0.00012504835829004387
0.00016357004351931403
-9.457196419717027e-05
9.905529553357063e-05
