0.000101257171064295
-8.367369538437887e-05
0.00013762664396236576
9.85594620770392e-05
0.0001509403355868147
0.00012722756694527333
9.719545161743768e-05
0.00015694617867040671
0.00011128238567731266
0.0001332908338810439
0.00011177585829191052
7.008520707383517e-05
0.0001491053928090357
0.0001339354033415185
0.0001068245502223704
9.661676608378397e-05
0.00012498329778175442
0.00010875393551952359
0.00013492985224305496
0.00012525044671985813
0.00013337204064799803
0.00016806814884592848
0.00011665468957396063
0.00014266450513730633
0.00013738269417615468
0.00012735676455693972
6.906274970550138e-05
0.00011190857570661591
9.697467215096612e-05
0.0001995174078044834
8.306457553157787e-05
0.00017042258980457358
0.00011986193434080958
0.00014340561372408524
8.871270812906481e-05
0.0001402809286177946
0.00017196941362885874
8.252149851047395e-05
9.981470128293461e-05
-0.00012108213084424386
0.00010363292803602711
0.00010298648517877441
0.00013102398892445732
0.00016978573767865323
0.00012977695987831028
0.00012684413039646647
0.00013460152568053654
0.00012953751187682065
0.00011507421767602063
0.00017598708369429114
-9.766211219316967e-05
0.00010822887067626879
0.00012147662889192736
0.00014714399843674124
0.00012282937378070138
0.00013433042100589074
0.0001114303107309997
0.00012899179113151133
0.00012735707281816763
9.747247047185496e-05
0.0001699512179343614
0.00015305485323603192
-5.700242585807455e-05
0.00015721261381194807
8.407076935263713e-05
0.00014881992995037315
-6.655778148094176e-05
6.987430362710785e-05
0.00012997402210372655
0.0001725433589637713
0.00013081181691281226
0.00014340821337860798
0.00012087898514974363
-8.852910205521503e-05
0.00016996288569910323
0.00023081471346831067
0.00012117675953801906
0.00010754347954572084
0.00014091557031961123
0.0001429762200515035
0.00011954414116330833
0.00015539058677245375
0.0001496685245670384
0.00014331504349331638
0.00012597138216586702
0.00020156212530690663
0.00015946185429654522
0.00014317241521952988
9.924018711905513e-05
8.572437092045262e-05
-0.00013070309408714427
0.00013256639171384276
0.00011123029301966496
0.00010550972960641737
0.00016149464978319137
0.0001293882726000115
0.00016523523984524817
0.0001017294663293817
0.00010241346236824098
0.00012181045180721832
0.0001144060582113831
-0.00011194469951727144
9.688591077500719e-05
0.00012388812037972456
0.00010955471980006869
6.72318920038895e-05
-6.579486354288993e-05
0.0001557985384725546
0.0001269589597293754
-8.784477807346623e-05
9.693049319040133e-05
9.065277990642293e-05
0.00011530212448026182
0.00015647589775054978
0.00010316667104721165
-7.584304432592665e-05
9.724188997679174e-05
0.00014664663047801702
0.00013923406959556284
0.00017329685061146224
-0.00011093505233385358
-0.00015424246840894167
0.0001054767720167123
0.00013571933811377292
0.00012729073608296082
0.00013662517076487327
0.00015239124782797354
-8.839254417575833e-05
