9.858244855624412e-05
0.00012313895944490025
0.00014388755386139011
9.883532761215881e-05
0.00011328576730971139
0.00013026934266448874
0.00013835317713406254
0.00012176212616117382
0.00013264491385877653
0.00020083038424805637
0.0001309872209565282
0.00011506861476069526
-0.000136974204301994
0.00012714374388217756
0.00014721565927128488
0.00014190087202960668
0.00011381294978918221
0.00012796594695300422
0.00010803179688130038
0.00014181658693726454
0.00013334947132117957
0.00011173549525071666
0.00013187773811123616
0.00013720164504318666
0.00016564907143943979
0.00012786535201967408
0.00010705025313294374
0.00011297242858576208
0.00015526888485515908
-0.00014232729740860125
0.0001387143349944125
0.00011826702073346396
0.0001286252449251756
0.00013460980967768752
0.0001415514321710937
0.00013248306357465652
0.00010544766789554208
0.00012481222566689904
0.00011384056858395292
0.00015190644317902128
0.00011959464685341794
9.678290713794234e-05
-0.00014701769056424087
9.405843154160559e-05
0.00015962054363263678
0.00015024857863056104
0.00011128503055978249
0.0001481012716720346
0.0002144048410622079
0.00013814510092435102
0.00014531164288094427
0.0001368939854994448
0.00014565748371720178
0.00014009971937034698
0.00015803516653235074
0.00017547303601092207
0.00012340708356317953
0.0001277779766106581
0.0001202057577324051
0.00010494213757959958
0.00016163318582935473
0.00010574952813374407
0.00010247794372014228
0.0001392967569427872
0.00013067179643039744
4.53292758658017e-05
9.333454290736868e-05
8.818376322703652e-05
0.0001444967245004563
7.506875522625707e-05
0.00012581650220447343
0.00010970362864910337
0.00014425809960407596
8.828804850789702e-05
0.00014972456100027592
0.00016650625409521248
-0.00012983431550736297
0.00014312290114720962
0.00014021854361553177
0.00014024901238893973
0.00011549180767867003
