9.777141544674951e-05
0.00012336673553697857
0.00013597867192848047
9.552085785108609e-05
0.00013401026697794995
0.00013143127882640998
0.00013628820645753296
0.00011759443977766196
0.00010780172119643334
0.00011979959479590765
0.00013603483827249059
0.00016165825328179643
0.0001404773015507399
0.00013109906440774392
0.00011831091897195598
0.00010968466401113753
0.0001225106047526922
0.00015242926730748595
0.00014945446266304336
0.0001126988637682298
0.00016579164573400006
0.00012966403978313188
0.00010743329496129069
0.00015702572052725096
0.000134804032591242
0.00013677746772783537
0.00014406820720133513
0.00011734054691404438
0.00013827236246146464
0.00013644656090478911
-9.576259654074659e-05
0.00013704523677081443
0.0001367733963994871
-0.00012224242018027214
0.0001070665284839941
-0.00014095435673732305
0.00010447448726410241
0.00015575118380204466
0.00013443026907007855
0.0001376187732004058
0.00020280613981608922
0.00013582346164086895
0.00013830675102355345
0.00015773270389764625
0.0001297184662501302
0.0001658381266758954
0.0001614799452522681
9.864139095821103e-05
0.0001307980629257523
0.00011986912125644316
0.00015378774607438707
9.37615694176102e-05
0.00012551353216972276
0.0001177198440766569
9.127859213306761e-05
8.686502119886875e-05
0.00011866056919445632
7.049209277166627e-05
0.00011783521969757232
0.00010267038690304222
0.00013333071396333073
9.176636209130892e-05
0.00015910671234819985
0.00014790631449004086
0.00013962067575546335
0.00013348490703013808
0.00014961486425759294
