0.00011095229154652052
0.00012890259738607756
0.00011481869146419158
0.000125254973740713
0.0001256079140615989
9.758202615280864e-05
0.00012701643864560373
0.00014825800663010257
0.00013756994746344698
0.00011342325360524974
0.00016300359637680848
0.00011771923289135994
0.00013000116050179299
0.00015555474856369787
0.00011891127515744625
0.00014167822320215848
0.00013641546210144037
0.0001457131854564806
0.00012139210361156307
0.0001377662218878919
9.641751877069979e-05
0.00013777353263261458
0.0001307937903146652
-0.00012150564043426971
0.00012783675500221487
0.00013400027364313905
0.00016659188185402018
0.00014257422967351807
0.00014976795070350556
0.00013438962111429322
0.00016479850396443785
0.00012327850056280892
0.0001286446657154942
0.00013919698131113322
0.00010201495042956758
0.00012119717201797267
8.996583969001947e-05
0.00010594928540088477
7.880228592353413e-05
0.00011448523893247608
0.00011780153999138127
0.00013964324519245025
-0.00015436867066728622
0.00013081776164578535
0.00013014262888868318
