9.907789425158076e-05
9.654732303641929e-05
0.00014067130778138795
0.00016308367904445972
9.874930317098942e-05
0.00010837213745486266
0.00014514959742628668
0.00012934776970834733
0.00012405063889940848
0.00016170989408994748
0.00013093907472049292
0.00012431987826186995
0.00016862321614553231
9.781269994788428e-05
0.0001204405506225473
-0.00013448282446901523
0.00013000838678630948
0.00016855059502582573
0.00014114945140787053
0.0001480580853547986
0.0001315487137895528
0.00013289442484181555
0.00010354274674605664
0.00011877495970167964
0.00019495368421766442
0.0001510451653335566
0.00010713015411904062
0.0001577418827466556
0.00010325251580422895
0.00013991826456546036
0.00016420403383052046
0.00012988087529800684
0.00013234362465416115
0.00011670588956243976
0.00011163481217073925
0.00017145796456893083
0.0001248245075988483
0.00014302016277714752
0.0001388803497205704
0.00012162074820061138
0.0001284843927712366
0.00012088565261236174
0.0001222319021322005
0.0001490050790677893
0.0001405064255204302
0.0001259785280745327
-3.934908518237062e-05
0.0001409240468160114
0.00013956898065819656
0.0001283438183852553
-0.00011633597112006906
0.00014908527501459012
0.00015701257723191894
-0.00011742477784213054
8.687417927457584e-05
0.00016426148518638702
0.00013780548641172154
0.00013505480235956793
0.00010631982511431258
0.00016461569049791024
0.00024621659690030935
0.00013507989290535737
0.00013434561008356113
0.00013300728846879568
0.00015048134600737355
0.00016259797801627306
0.00012214451959644766
0.00011557748924268252
0.00019791955688221258
0.00017026979356898095
0.00014058306363919835
9.687986805231862e-05
0.00013496541159878397
0.00010181051507562702
0.00012236584058199985
0.00013692226284846846
0.00015195765832401304
9.42310532013133e-05
0.00012592374341289568
0.00013094618755473363
0.00011108714072908346
9.988245205068203e-05
6.426221420784209e-05
9.769605287878012e-05
8.78411150510542e-05
0.00016907452719517078
-7.933189305192317e-05
8.78971460997397e-05
0.00012897135467399208
0.00011654988326134573
0.00015423652264983764
8.112811597297412e-05
9.996076539613384e-05
0.0001635997655980634
0.00015800271012471185
-0.0001235430678133906
0.00015976692413315416
0.00011869498045485282
0.00013263523758021237
0.0001502096141495492
0.00012079292470479706
