9.474354545727639e-05
6.2633170195852e-05
7.141423486651486e-05
-8.450205713235497e-05
8.56559543568965e-05
7.813681842991458e-05
0.00010506460450459591
-8.234451889123821e-05
-8.601783290255008e-05
8.659738422070961e-05
6.654294857028993e-05
8.997204510463561e-05
0.00012515301529138388
6.450450064596733e-05
9.765763027080426e-05
-0.00011070775892513437
6.719808813294489e-05
7.635955069789765e-05
0.00011151621115576222
8.501946947693935e-05
5.841642861125881e-05
4.4942406409132026e-05
5.930648859036244e-05
0.00010004295726290653
6.901060053912295e-05
8.464895743966761e-05
-8.885412484170384e-05
7.542499266960198e-05
7.302281258340603e-05
8.404711646374558e-05
8.480510045363929e-05
9.376167120212266e-05
7.486256732476109e-05
8.93410582610194e-05
8.467893440558504e-05
8.36381295942738e-05
8.543954568718353e-05
8.61264340812915e-05
7.435803367185648e-05
8.18510796142068e-05
9.993760785317463e-05
0.00010123047953896017
8.852880877167286e-05
8.544743195177082e-05
9.868080907068494e-05
8.023351527399235e-05
9.282489644698993e-05
0.00010827729020073084
-9.49728094036199e-05
7.305377278441108e-05
0.00010173321013805649
9.005382447996657e-05
7.304160295444301e-05
8.879627635806667e-05
-6.381055664285795e-05
9.756581193009536e-05
9.853082641481948e-05
7.344183128072931e-05
7.96894969200106e-05
-4.7963821354757714e-05
0.00011134963167909914
8.214801319239149e-05
6.969149132379858e-05
7.334622327617436e-05
6.382228210880704e-05
8.334208914392826e-05
0.00010234511850166845
9.687415138851832e-05
-8.760245910520392e-05
8.542484897169922e-05
6.285815190949528e-05
5.942639787639723e-05
8.382849356742965e-05
9.11014843866803e-05
7.478285639618737e-05
0.00010521651115274452
6.570827724030042e-05
7.914787808581393e-05
9.865790493528673e-05
0.00011151026047854098
8.345706925831195e-05
6.791421127941535e-05
7.605821329862165e-05
8.590742617318923e-05
0.00010703352319335708
8.898028503226283e-05
7.507486217415457e-05
5.1008166273272125e-05
7.624947775219698e-05
0.0001033258234295638
8.361934592009087e-05
8.238295171331189e-05
6.555151497513699e-05
8.292557522644743e-05
8.401456217903324e-05
7.636363448875838e-05
9.12824099017332e-05
8.488133358979105e-05
8.784453618091872e-05
5.9282013167440946e-05
7.644744278405264e-05
9.236056724343769e-05
8.039371734293577e-05
7.937736999428443e-05
9.523146552842555e-05
9.688754937431771e-05
8.915880201044647e-05
6.489993552669813e-05
6.87757755518405e-05
9.223514960353614e-05
8.038475425123851e-05
8.982516867158165e-05
9.321414920608938e-05
6.679553224232233e-05
0.0001199965145899559
6.11464589560833e-05
7.146374418468823e-05
9.951017869209164e-05
-7.027354750829193e-05
-9.13466786125793e-05
8.817711316944737e-05
-7.955393300234849e-05
7.853919436501738e-05
7.905812914489474e-05
6.751608173446148e-05
8.130763707772426e-05
0.00010834147919443931
7.999246767150783e-05
9.31411529571589e-05
8.505050357880433e-05
9.559929802940927e-05
7.207760435021777e-05
