7.726084361007462e-05
0.00010049089379296536
-5.6018172161719964e-05
5.789626457995322e-05
7.327327599672592e-05
-7.985611098028425e-05
9.772424830292965e-05
7.952837209469425e-05
9.324298495403862e-05
9.384589335797606e-05
7.41538650373493e-05
0.00010539826920007046
7.525845194129354e-05
9.403540602187204e-05
9.114838695514706e-05
-8.233337269583975e-05
6.100065568421778e-05
0.00011886603396890111
6.253587424424707e-05
6.592891385399097e-05
8.926359067150291e-05
0.00010592402520661274
0.00015046331814678614
7.47912012900527e-05
3.624561135393968e-05
0.00011355601170249474
0.00012633202146003765
-9.906781619815635e-05
7.147999837129502e-05
0.00012808850417968202
7.071744073338964e-05
0.00018622381813464657
0.0001125132788608726
9.547738414042667e-05
7.729956246096252e-05
7.556740382897235e-05
3.307908826444095e-05
-3.9636382338076006e-05
7.484175558830937e-05
7.605545292486172e-05
0.00011092384246402756
5.7016606868636226e-05
7.572249628935364e-05
9.279243152119612e-05
-8.362257019359227e-05
-0.00011316540056522882
6.364482994304206e-05
7.124028977561396e-05
6.451785437404258e-05
8.297852361649203e-05
6.765641579156894e-05
9.117869226204485e-05
0.0001001712046632561
8.358019116071967e-05
9.974441725631727e-05
8.543222064079759e-05
6.851679782390345e-05
9.113492074844142e-05
8.32317382149066e-05
7.822133260749504e-05
-9.756537381303991e-05
9.481223618694398e-05
8.049582562454456e-05
8.750723557752358e-05
7.836908910090826e-05
9.16680016652741e-05
-7.91562857184836e-05
-5.1280345331539965e-05
0.00010102562262575041
0.00010093757689288698
8.715131176453595e-05
9.114712205245697e-05
9.692417317530604e-05
-9.45999278350771e-05
7.181105969312717e-05
9.110815807517712e-05
0.00011400885581269267
-8.766774615614861e-05
5.665377092790934e-05
7.292418322039919e-05
0.00010194726053934398
0.00010181436507742003
0.00011162406743753813
8.584930488369568e-05
8.851437504906678e-05
7.499003563877555e-05
0.00011972906785238035
0.00011981130147713043
8.705744500865702e-05
9.120108249822654e-05
9.054647423120228e-05
6.293360854808337e-05
0.00010907188618451284
5.2778106530232405e-05
8.506776160580773e-05
0.00010591015522539285
7.240628129602786e-05
0.00010390642777257651
7.76998930924398e-05
8.6465195521843e-05
5.8786794742252425e-05
8.86101359831179e-05
5.3824090500346995e-05
-5.445989481751181e-05
0.00011079784158360824
-0.00010345282611080571
9.741045698536348e-05
6.377942097757952e-05
6.55310420156589e-05
8.530044052523516e-05
6.200879373499678e-05
6.344607656473036e-05
4.5049519750637537e-05
9.926878318455509e-05
9.718923508813218e-05
9.427376356050109e-05
9.336350988799597e-05
8.911845570560626e-05
-7.909189256889914e-05
9.342711979798983e-05
6.450089764414735e-05
-9.724911881645859e-05
6.204466884614594e-05
4.9210177861781745e-05
7.236666594547778e-05
0.00010017596281077934
9.474199921275164e-05
8.370259850181043e-05
-8.904346574716633e-05
7.985907104447684e-05
8.699711861789572e-05
7.981064072548556e-05
7.320592340229372e-05
7.36021761204103e-05
7.072012645665981e-05
0.00012988830342377643
7.258589291587447e-05
0.00011778244595423963
9.9254681737615e-05
6.256877172070934e-05
9.313241412793895e-05
5.6885932911494903e-05
9.456420966368565e-05
8.187033118040469e-05
6.160751344781662e-05
0.00010449500142114872
0.00010238139483711424
0.00011784468729719047
7.864806264549919e-05
9.173637397195498e-05
8.76942089912749e-05
7.652048332925443e-05
7.918031087529328e-05
6.257432870974412e-05
0.00010312042702709628
0.0001134065162519259
0.00010652311653267629
4.065491512846451e-05
-8.238222997857768e-05
8.872519634665218e-05
7.07199511057828e-05
7.181301312935052e-05
6.594145933209958e-05
8.731035505646962e-05
8.013308809943449e-05
9.394826544975132e-05
-6.788826583928556e-05
0.00012773259858553894
-7.718699445256086e-05
8.121269053957979e-05
-9.875240316948028e-05
8.204775115157785e-05
6.299955735344547e-05
6.581323387631178e-05
-9.131096320164989e-05
6.658268407453916e-05
8.229438617594305e-05
0.00010250701484655161
7.32856510714292e-05
-7.671909232855615e-05
8.004103718608188e-05
8.199371743254714e-05
8.138878773011566e-05
8.491052952155312e-05
0.00010282776795132372
0.0001078973799100785
3.629135725053518e-05
7.643153152948152e-05
5.858163638761098e-05
8.434516557898671e-05
0.00010384413422143402
8.332178294837733e-05
8.514007988830523e-05
7.189067503059329e-05
9.823229975212795e-05
8.70102605631552e-05
8.364395536836524e-05
7.267466122671908e-05
0.00010183435908858505
0.00010945065731166559
7.418573418236266e-05
6.825230027523912e-05
5.479820936015204e-05
8.132993813174745e-05
0.00011311129870348889
8.097830143792022e-05
-6.95700934953592e-05
-7.481421807815958e-05
-0.00010483275381881657
8.107630028015744e-05
8.5210131359344e-05
-4.907281029018548e-05
0.00011118290516930422
6.833441518476989e-05
8.802632957747957e-05
8.723921164919392e-05
6.356838825579463e-05
-6.287452324593377e-05
9.285340202729157e-05
7.082264717134823e-05
0.0001331438455536319
-7.906416375516004e-05
7.708095846399173e-05
0.00010696840063619414
-6.354727724634666e-05
7.796726607172046e-05
6.321956130291507e-05
0.00010641288905862107
6.584944626045876e-05
6.885205611787831e-05
