8.619515336582275e-05
6.915831723784039e-05
6.698042474427378e-05
-8.166082301162806e-05
9.97996759659826e-05
7.880958435410583e-05
7.515858025927695e-05
0.00010229896713129066
7.513171116927692e-05
-9.522829677409548e-05
-7.019980277437011e-05
0.0001049522170954757
5.6719989860257716e-05
9.41297071834896e-05
0.00011862547919373149
0.00011294392572169321
6.38596569726982e-05
-0.00011473001551699914
9.553949016806325e-05
6.266055472933696e-05
7.506470941882226e-05
0.00011391524451074387
9.784334189403715e-05
7.771744234575856e-05
4.687973463434677e-05
4.712518488532109e-05
7.1869921017771e-05
0.00010054882489403565
6.43923280759781e-05
9.187534632879397e-05
9.660739961081908e-05
7.868882285317828e-05
-6.152485157837427e-05
8.393368447697702e-05
8.313876753173347e-05
9.04253999769771e-05
8.059858805939362e-05
9.633647659158822e-05
7.065108555611617e-05
8.8751386652787e-05
9.203518252652861e-05
-8.389022327937356e-05
9.087881593715311e-05
7.585773703632608e-05
9.320362452089878e-05
-5.3350135851481854e-05
0.00010832589592086663
8.849175185934482e-05
9.6935806247197e-05
9.29266010657836e-05
7.571485558786675e-05
0.00010871350634990034
7.800833746224989e-05
8.5902787226492e-05
0.00010310563515265804
0.00010605989820957998
-9.961215426830422e-05
7.516150237188111e-05
0.0001063027760012705
9.80640959389301e-05
0.00010200069656771482
6.29180229378444e-05
9.703323201368694e-05
-6.70762225686659e-05
8.791336630620387e-05
0.00010652876603792796
8.359917415047697e-05
6.290932881080713e-05
8.443171449258271e-05
4.784129394751099e-05
0.00011232398618362756
-8.764973629761144e-05
-6.741367171131209e-05
8.565035322760703e-05
6.82314403088993e-05
4.7040008313890466e-05
8.893544279174513e-05
0.00010569863959077187
9.536975400109533e-05
8.049982110779866e-05
6.85578350216895e-05
0.00010306574709286207
5.515773250184097e-05
6.664402685139621e-05
7.155694551290859e-05
0.00010182359406476834
8.004140370329387e-05
8.395142953527703e-05
0.0001065479290481824
7.351289574762437e-05
8.294991741094113e-05
9.941377619463224e-05
0.00011884775865958274
6.879402156275414e-05
8.639030251893401e-05
7.695616781020215e-05
8.262004815649651e-05
8.448771582844428e-05
9.787180944982447e-05
7.202748459301122e-05
9.778081481514305e-05
7.514098004797557e-05
6.961585943337262e-05
9.471154968490539e-05
9.958344079224706e-05
9.040619806630696e-05
-7.787590292947778e-05
7.854307035446947e-05
7.392444752487764e-05
8.196564447635591e-05
8.965761554143679e-05
7.083168827010047e-05
0.0001015969147214811
7.631116003919873e-05
-9.0968834756063e-05
7.12963906325499e-05
9.093295148241017e-05
6.486941104528328e-05
9.343408713483644e-05
7.629646969941475e-05
8.594168201938865e-05
7.632687207398991e-05
7.622827189454785e-05
0.0001012313690366329
8.077126458779108e-05
7.013998326109294e-05
7.30492966014816e-05
9.23245769051355e-05
8.286009364025453e-05
7.676860304989646e-05
8.470494354353175e-05
9.362482441325452e-05
7.490492450330743e-05
0.00011728135414871077
7.81130015846377e-05
5.481490334782447e-05
9.790141443752137e-05
8.272273259330159e-05
-7.280203116474446e-05
-9.421929727116233e-05
7.89332704443627e-05
-7.325812917922256e-05
8.515691625687867e-05
8.39541369076208e-05
7.843310751953269e-05
-6.712139539713015e-05
9.009953580901591e-05
0.00011837506013979186
7.806091436598903e-05
9.324596806929208e-05
8.112937005856727e-05
7.318300815925166e-05
9.30821509713571e-05
7.050431508835261e-05
