0.00011837870110126585
0.00010300582245010216
9.37671295912709e-05
7.835529447347816e-05
6.648253032723352e-05
7.338615515428644e-05
3.973201564899992e-05
-3.742804397041125e-05
8.450331090258132e-05
-8.893901288450577e-05
5.333645994691986e-05
-7.577260036009162e-05
9.866265657684851e-05
9.070749831931943e-05
0.00011046048926011889
5.432900045262788e-05
0.00011055653686244364
7.225168974694776e-05
7.151009933988912e-05
0.00011057623928945662
0.00011587510791025347
0.00011688719057864189
2.507402342341691e-05
0.00010125516315424652
8.591591581533709e-05
6.713542280825431e-05
-7.896413340416173e-05
0.00010293473402422492
0.00010360751809286619
-5.6332775143131765e-05
-7.824473256661527e-05
-8.616430894257806e-05
8.188971195601987e-05
0.00013778525715248027
0.00010849780304125893
8.832538305901054e-05
6.4325282916985e-05
6.751228447940513e-05
0.0001057443768072436
6.700621978442613e-05
8.92504203011774e-05
0.00012378648659219183
0.00013979262077006281
0.0001618424299882
4.996634836521764e-05
0.00011952324536378516
2.733519735321168e-05
8.965312132701799e-05
0.00010555142463567991
0.00012224222482895341
-0.00011148753249291543
0.0001542378233341943
-8.635870517530971e-05
0.00010522900063359812
8.621020806384525e-05
7.544635884906703e-05
9.72713470248485e-05
0.0001272075839913818
5.1653545605432804e-05
8.883493599428289e-05
0.0001624712981353912
0.00021371432944027274
9.223697302236962e-05
0.00011615116940541846
6.850660653550536e-05
0.00012485398088646284
0.00011223438387452692
-9.089397202706027e-05
0.00013567587353785504
5.339308495906042e-05
5.055275408408322e-05
6.983287732430334e-05
8.204216056094117e-05
-7.293572266676168e-05
5.836637968245744e-05
0.00019539227222926115
7.192985158643861e-05
0.00010574432457402672
0.00011564474579067671
6.450109928612699e-05
6.273722167496828e-05
6.184122216325716e-05
8.95848023648877e-05
8.028729153429125e-05
9.858712890750445e-05
-9.221121613090976e-05
7.966430335916011e-05
0.00012188836020233902
-0.00010645260675392452
-6.639749112925255e-05
8.983752497421442e-05
8.303219761221297e-05
7.448469327416326e-05
4.229912782679694e-05
8.381238177592495e-05
5.20089096283854e-05
0.00010739344679849122
5.86702050015095e-05
9.411175551379434e-05
9.452538415533445e-05
8.206037517837716e-05
0.0001041805588793244
-9.487981649197283e-05
8.151698826423997e-05
8.22365431552215e-05
7.038699499687398e-05
0.00012164472006378712
8.074703555342333e-05
8.945008157409814e-05
7.261309279379736e-05
7.861049985380976e-05
6.384340970342492e-05
0.0001088330358032297
8.587791519644726e-05
8.296881818976846e-05
7.061896249202213e-05
9.648326100256162e-05
0.00011871814932526522
8.206159896915621e-05
-9.739106923148467e-05
9.358815261982688e-05
7.370653209185371e-05
8.745274893791669e-05
0.00010577923098662684
3.214713646416709e-05
-5.428041381939822e-05
0.000109770022099426
0.00010402860610093432
-8.353928336551547e-05
9.564286584244598e-05
-5.1557537904667526e-05
6.554978087910678e-05
-0.00011351130726125144
9.081606587901183e-05
8.259774281617997e-05
8.460407848234219e-05
0.00011171203565076751
-0.00010172420848149695
8.190588153747257e-05
0.00017264810774403962
0.00011101848200813963
4.226927562652589e-05
-8.588180981030596e-05
0.00012537839275532527
8.530263624176411e-05
8.96160634319016e-05
-3.012105473405373e-05
0.00012001297452374762
0.00013351016770602898
0.0001247356155472175
5.8435712024133195e-05
0.00012686718472308204
4.678909100071602e-05
-9.685583677669387e-05
7.807466088254446e-05
9.648720603808248e-05
8.039140388216648e-05
0.00011989634115627159
0.00010178488873640913
8.897065603889469e-05
9.08066503267122e-05
0.00012645656726556706
7.146007187005355e-05
-8.728528695404186e-05
0.00013292006298933848
7.277256508343762e-05
7.893360279267686e-05
-6.578780858530861e-05
0.0001315293799618365
0.00011797596598258646
9.565044242512924e-05
0.00014394909636386306
9.149211816611606e-05
8.970640866697779e-05
7.437210204683845e-05
0.00010136985929393386
0.00010011153198805446
0.00010177034655352537
6.829318036821193e-05
8.114141812586876e-05
-8.89707157370633e-05
0.00010614866296798163
3.999922287285324e-05
-7.038084855307346e-05
6.922887309586498e-05
3.97655977784394e-05
-0.0001338850215001407
4.451574562366092e-05
-0.0001223331755891598
6.48755226892578e-05
0.00013169578107253185
7.797848817738524e-05
-7.564928422782673e-05
8.720518760948883e-05
8.17018689645055e-05
8.61398811483241e-05
-3.894628831834421e-05
0.0001018384505191125
8.892442916413418e-05
7.227659127331404e-05
6.220793980396655e-05
9.895445512792649e-05
8.731310995221217e-05
-0.00010106808171762102
0.00011235529121858757
8.521018762440125e-05
8.21297468025376e-05
-7.835149623706686e-05
6.283279704498752e-05
-4.3559940654524854e-05
6.627053829983689e-05
8.801280454343546e-05
8.813060335021507e-05
0.00012585839602785264
-8.556752647817547e-05
0.00013778759236130362
0.00013033572552759778
5.006720682010734e-05
9.361456337017412e-05
9.123573590653518e-05
9.091687051746853e-05
0.00011919313099811524
-5.397606780637359e-05
0.00012165707971170442
-9.603869975618083e-05
0.00016007443360569455
0.0002558309641523832
-7.967982954922953e-05
-6.906379275887055e-05
9.040023968321455e-05
0.00010921689874944648
-4.254256866612411e-05
0.00012886627919382027
0.00011421483873075679
0.00010034772055509474
7.841268930530634e-05
7.748121011489693e-05
6.319366275618177e-05
6.369962383391866e-05
4.713914387130325e-05
7.711373466021694e-05
7.721527750111092e-05
0.00013296501747984022
-6.585960334070734e-05
0.00011210177145352944
0.00010539160885659601
7.347555475070538e-05
9.322733377057583e-05
-8.411834635837884e-05
6.37484035886119e-05
7.712200844167828e-05
7.131415028877521e-05
9.240976652793943e-05
7.868567702510209e-05
5.8636917194776454e-05
0.00010396251458616994
8.12015128561344e-05
5.724417938286096e-05
0.00010142832399374853
6.719968009810638e-05
7.289017515510856e-05
0.0001333638372890828
0.00013013991816694998
8.926188670745885e-05
8.435436140505581e-05
0.00010316148934161028
0.0001328566002696736
0.0001455760532705055
7.274543074182866e-05
5.262304636831552e-05
6.302201387826266e-05
-0.000109148094355411
0.00017102397564761404
-7.923749376791188e-05
4.785676781801858e-05
0.0003113690372881496
0.00011317393983650206
8.012253410652937e-05
-5.396771965749396e-05
0.00010006818886708807
4.929262165168679e-05
8.263661689305209e-05
0.00011861175415071427
0.00010058098848085984
0.00011414751647305569
5.1935034321758526e-05
0.0001608834759994798
7.957865983515769e-05
-6.552472893158015e-05
0.00013042035555861815
0.00013856659501607725
0.00010943747090195806
7.32965756576523e-05
0.00013652264553658564
7.323043622784401e-05
9.884968483609034e-05
4.760649621960611e-05
8.08019434122179e-05
9.988630539467502e-05
0.00010489432486070975
0.00013005874878809035
9.94452397073663e-05
-7.591167569927772e-05
8.551999628835853e-05
0.00010692468562464805
5.227207588415524e-05
-8.51056105076036e-05
7.22804318126901e-05
8.328281970734964e-05
9.125738375285001e-05
7.746170995323464e-05
-7.728420662338992e-05
6.394537277834526e-05
8.110094225226483e-05
9.770566323862239e-05
6.164054548117843e-05
9.18883757330817e-05
8.643151768652586e-05
4.804696782256806e-05
6.743390804606742e-05
0.00011244508002525122
7.830452444705839e-05
6.453127757337219e-05
7.245418186019282e-05
0.00013658209018954092
9.613989862478715e-05
-8.838790486866224e-05
8.590052269369551e-05
5.311573935172124e-05
9.721010639190078e-05
8.791242193841661e-05
-9.757399158424812e-05
7.606306551583354e-05
8.077147605238362e-05
-7.25548460946091e-05
7.597614036848164e-05
5.553106055413924e-05
8.609445862462141e-05
-0.00011390079235622973
0.0001186899409470996
0.0001276792428387581
0.0001968973429941113
-0.00011816962855871608
7.70557332363655e-05
9.247482851990444e-05
7.031305228820072e-05
7.776266256587753e-05
-7.190600430224759e-05
9.905456418230468e-05
8.590436418687469e-05
7.069738686543786e-05
6.482663104674044e-05
9.495150344746192e-05
0.0001267082519771548
-6.731316021030669e-05
7.097408838279989e-05
0.0001419457650729979
7.161614826048153e-05
0.00013366195422466094
9.727664318699055e-05
6.331004143314149e-05
9.595457475621763e-05
-6.737321757716349e-05
7.11484032523747e-05
6.217605885672811e-05
7.74307199755145e-05
7.163090836068407e-05
9.589208473493098e-05
0.00010892678667686455
7.949632942350269e-05
0.00011778325301934944
0.00010702836615054476
7.994141653572856e-05
4.8163942644167116e-05
-8.18390577709691e-05
0.00012392432161446187
6.749724508570171e-05
-3.4510237481042304e-05
0.00012081076007620688
8.044264007318223e-05
8.59034352184651e-05
9.608185588303331e-05
5.966006405584149e-05
6.45765776680024e-05
0.0001259751747944893
7.791196284891652e-05
0.00013752932115958076
9.881890621641902e-05
4.752857706986329e-05
0.00012180311851782717
0.00011933548542029735
0.0025240037386501336
5.574589375980589e-05
8.486023874190924e-05
0.00010509157401928176
-0.00012634326697787772
0.00010042894894361993
5.8402665743191756e-05
-5.2400493302249425e-05
8.517816055100469e-05
6.706301992377322e-05
-7.846617486123307e-05
7.367010809388363e-05
-0.0001346247605603297
4.688221797938771e-05
0.00012132728110519014
0.00011487337446542188
9.93915317903117e-05
0.00012016414929592714
-4.752139989356207e-05
0.00010498797857583006
5.0836739760160503e-05
6.169862207260357e-05
7.460339558443866e-05
0.0001084648869899369
3.773195449410542e-05
8.435248893367893e-05
7.501892156669441e-05
3.23017518822426e-05
5.0335477984480756e-05
9.109723784663991e-05
4.749826509856511e-05
-7.361421153536525e-05
0.00011758154373883254
5.1268476016904975e-05
8.298368937212445e-05
0.00013885113041512673
0.00012486609772381635
-8.138204571328721e-05
0.0001580806432432351
8.08685292623162e-05
3.932100333233879e-05
0.00013530683070883012
-6.847285918086966e-05
6.778980116618184e-05
0.00017889267390048142
4.829101373774417e-05
7.85184088750508e-05
8.785426709491508e-05
0.0001406732052098306
5.8909990575570925e-05
0.00010693719137298148
9.218600443096029e-05
4.7654279013831036e-05
