9.444735211471679e-05
5.594515444828491e-05
-7.706142714788721e-05
8.68625081394682e-05
9.608270774879526e-05
8.908033018027446e-05
8.383795054389589e-05
-8.695231539791973e-05
8.871806007221687e-05
6.530143893136073e-05
9.877117738537281e-05
0.00012958397881375182
7.801888544785657e-05
-0.00010982473371716408
6.89414966624858e-05
8.523335348380064e-05
0.00010329930145032347
8.477650722193751e-05
-5.2090944165453866e-05
6.176863438367602e-05
9.222180324547919e-05
6.906053784952183e-05
8.715919921427422e-05
8.69708616047792e-05
6.607388197672713e-05
7.332066084150132e-05
9.553382179740523e-05
9.091987901966005e-05
7.729987872767268e-05
8.13877309040251e-05
8.848853152411335e-05
8.849124640559432e-05
8.36401621183937e-05
8.505824277369256e-05
7.637755392455801e-05
0.00010159326471350834
9.449152403473497e-05
-8.315800767984955e-05
9.873724007223771e-05
8.537442879932775e-05
8.707295629041737e-05
0.0001051534470351938
9.008214268911845e-05
8.073152190604369e-05
9.969684800973412e-05
9.58616074658409e-05
7.782832931922208e-05
6.67660842994165e-05
9.073622505199866e-05
9.214740690031545e-05
7.303901092826616e-05
7.01668312302018e-05
7.569460643334237e-05
-9.784041834939785e-05
7.07358849405804e-05
7.538165396534129e-05
5.755481366129624e-05
9.798229528335759e-05
9.474057637771126e-05
8.202021020496977e-05
7.877395604030443e-05
7.751550318998536e-05
6.0233630780943473e-05
8.69763353867465e-05
8.378291741864941e-05
7.288725595267555e-05
6.823158603342765e-05
7.179299880673944e-05
0.00010420902224574877
0.00010915505687923812
7.51155129723561e-05
7.393571218815815e-05
7.269772989625497e-05
0.00010342411990897636
6.959582371164616e-05
8.818837119903369e-05
4.3662664107760005e-05
8.128163247701385e-05
0.0001097868016844401
6.906012402365011e-05
7.677686981022443e-05
7.301234849393624e-05
8.353161153485128e-05
7.986621881557473e-05
8.877028616096422e-05
8.914359591881069e-05
6.885912040288048e-05
8.66807486180629e-05
7.118841014202249e-05
8.703238268676095e-05
8.28817096181365e-05
8.966526412052805e-05
9.46573712252026e-05
7.225438497632159e-05
6.557632688894508e-05
9.380823408570532e-05
8.356000817925048e-05
8.595158182291747e-05
8.553057718719099e-05
8.746621749316082e-05
9.68552228095283e-05
5.6236532847709446e-05
9.428538746929592e-05
6.91339478914652e-05
-9.092539321621916e-05
8.705324652272302e-05
8.137840371471784e-05
7.368415514654494e-05
7.548146973735487e-05
7.767471214200879e-05
0.00010019624606000656
7.689982498763337e-05
9.626357348272044e-05
7.655574474131723e-05
9.439447523377652e-05
