9.416156217048937e-05
4.6649810709161485e-05
5.859813917980439e-05
6.933226594713329e-05
3.7996742674455923e-05
3.986784428649101e-05
9.85580930478782e-05
-7.321036117395638e-05
9.88623212905457e-05
9.973738299225024e-05
6.982048474747601e-05
8.773129576450646e-05
0.00010076168168937649
6.244182205646518e-05
4.0198889639950084e-05
0.00011530684495565706
8.323763945970504e-05
6.984149273147807e-05
-9.496428788986888e-05
-9.912116081535572e-05
-7.919793728572193e-05
6.04857398779232e-05
7.97795367554572e-05
0.0001406591565272556
8.01747566316209e-05
0.00011751804295283796
0.00010054583214450149
8.301443912099331e-05
0.00010205153313271297
0.00013752859051457738
0.00014336951124822528
7.204573593767084e-05
3.3883248167236714e-05
9.838185713966356e-05
0.00012014500560066256
0.00014348169172990002
-0.00010349871432844849
7.956610119242814e-05
7.31944540243299e-05
0.00010863654358718803
5.792689113913529e-05
9.178941969307563e-05
0.00010246111252443383
0.00011816573182037831
7.937906779899278e-05
0.000132050667849215
7.72980881665254e-05
9.241617728094136e-05
3.143689683986943e-05
6.021716142145752e-05
-4.38097153049097e-05
8.93506783245343e-05
-5.646045412406317e-05
9.98814657927476e-05
9.917277867468058e-05
8.054291520802117e-05
5.359639566003582e-05
9.332153074240284e-05
9.310321930044885e-05
0.00010566964306603224
8.653696234701555e-05
7.861489189330188e-05
7.875188331128324e-05
7.502540100641957e-05
-4.446893185959896e-05
-6.516920159754869e-05
9.72923578023834e-05
-5.527294429468806e-05
0.00011133660923260706
9.329372081398966e-05
9.319357626903306e-05
8.570485588924005e-05
7.810278922408652e-05
0.00010378721730773354
9.113253152389499e-05
6.374067056620195e-05
7.934477495673323e-05
0.00010410757739279358
7.172061529696892e-05
7.623916081031005e-05
0.00012073543856903363
-5.9933442838070294e-05
0.00010919632863505494
6.570858053960685e-05
0.00011197037839727625
5.30444011224146e-05
9.526155427901255e-05
9.528845666138317e-05
-9.400744522769785e-05
5.36422328862357e-05
4.629972931268294e-05
9.340029443956498e-05
0.00011506057632655445
9.952858142615917e-05
9.887990760408165e-05
0.00010319919563512079
-9.411603966365991e-05
8.409817032631801e-05
9.74892566239428e-05
5.709243743451695e-05
9.838587337846707e-05
0.00010833981776462718
0.00011705231611157293
8.708399091945343e-05
6.034097072671246e-05
6.909134002180178e-05
7.778771022139507e-05
0.00010407064726006019
0.00010191328126282698
0.00012106721448137846
0.00010474420765845544
6.043192123870785e-05
-0.0001284326883962634
7.50249730354657e-05
7.742899561396439e-05
0.00011166526691409983
0.00011692370811973313
0.00010986163777266955
8.859647367527206e-05
0.00012549440386853999
0.00010737812779296118
5.4287861253919585e-05
6.134644014838683e-05
0.00011510993380307038
8.062855732277608e-05
4.5641836440374326e-05
8.994417047565926e-05
0.00010026607416486039
8.057370056892389e-05
-0.0001004797109973083
0.00010073670832691904
9.347520819898906e-05
7.875729036707344e-05
4.710824618721777e-05
6.666855273727433e-05
0.000112908657560832
5.4962310533769895e-05
3.641321296859566e-05
6.262733738146224e-05
8.81432076469144e-05
0.00012649579138256466
-8.419136974275214e-05
-8.902684538715794e-05
4.7056289306859866e-05
-4.393042100834357e-05
8.227610910756811e-05
8.588676904423053e-05
0.00012191404473925165
6.50128946265665e-05
5.0894871803432184e-05
5.375115391635577e-05
9.157284720696387e-05
8.355048390599851e-05
0.00010290936070859318
0.0001082548147620483
9.40968039428979e-05
8.792976230740984e-05
7.871364095493713e-05
-7.898214745230458e-05
9.825827904307223e-05
4.1573540559585934e-05
0.00011925262646651373
-8.332007930542125e-05
8.95036465738496e-05
7.018199625340898e-05
5.1975043195495e-05
8.245995608888187e-05
0.00011552221627726812
-7.165910780110841e-05
0.00011650130054223067
9.732884438792387e-05
9.519278160004706e-05
7.343416262817329e-05
7.404836114436182e-05
9.93872046496462e-05
0.0001201873805616241
9.723100617188053e-05
7.222805486477909e-05
7.924048481277739e-05
7.573762015410114e-05
0.00011642514450952227
0.00011844265449209476
8.208325991549056e-05
0.00010987543718000463
0.00015977970893867635
-7.049666219322506e-05
7.053335867151662e-05
0.00012124965019078799
6.716456268271986e-05
0.00018809605278777264
0.00010582898122665217
7.556301836044955e-05
9.978740061692444e-05
6.28225031159753e-05
0.00010997058715596848
0.00010909073152144845
7.532159097053795e-05
0.00011394263406253764
8.57746046045235e-05
7.88282402593959e-05
0.00011090424775856745
5.448778047902394e-05
-4.6741877108106494e-05
7.981521627626184e-05
3.629253849127553e-05
8.354721543821222e-05
0.00010232393642489007
0.000123481106888124
7.434152977360168e-05
0.00010860246305329158
5.298527315370302e-05
-8.825332478519013e-05
3.5842013793260784e-05
8.778270631645969e-05
-7.310754786260986e-05
-5.463094362950183e-05
8.886838992622155e-05
6.106116570910639e-05
8.511177389031699e-05
7.406123881679018e-05
0.0001021463556539227
8.156278871460262e-05
-6.898558992124033e-05
0.00011519074948440515
9.89780589772474e-05
8.906349605006807e-05
6.6951830901456e-05
-0.00010020473735103977
8.149609808998939e-05
8.145012134654398e-05
6.012201026623287e-05
7.895515067730748e-05
-0.00010482531393148851
7.125073461987193e-05
9.402321464109516e-05
9.274174554639919e-05
9.365126246379069e-05
9.516732958372921e-05
7.429287337641082e-05
-7.560874654422867e-05
9.182862026128434e-05
6.750205042623829e-05
7.461889669334379e-05
8.745893476957827e-05
-6.651778568490516e-05
0.00011045661349169271
8.387297154785426e-05
0.00011576620513081963
3.92865946777244e-05
6.812542234134682e-05
-7.280263836482308e-05
6.362830405187334e-05
7.481041728420484e-05
7.329785406099478e-05
0.0001170192272471501
6.66751977925802e-05
8.933921513345718e-05
7.059897180963183e-05
7.968186393946833e-05
8.11682883492084e-05
6.858166181373486e-05
0.00010593335560820762
8.509439339182428e-05
0.00010725019065914443
5.717661242877117e-05
-0.00011905827804901832
0.00011832927277446427
8.059479109741472e-05
7.355390496424965e-05
0.000109043377688458
6.468313244208916e-05
-9.148847123130662e-05
0.00011378769498862864
9.852335975337171e-05
6.351415211167483e-05
-7.225066496408483e-05
-7.261225252934447e-05
-8.193412581465139e-05
0.00010849736337040052
6.0585569907790377e-05
0.00015559725962132966
0.0001066370648873997
-4.2276507826003925e-05
0.00010894937515693113
6.754690573743241e-05
9.188655053872959e-05
4.817280738557238e-05
8.798878286249609e-05
6.523336840727367e-05
7.857315699030257e-05
5.735999355678416e-05
-8.704892606951529e-05
8.307985415449379e-05
0.00010735796107551782
0.00013085721487698395
-6.612622547786238e-05
7.903325971178656e-05
7.087883626057309e-05
0.00011369390764849704
5.07512514576728e-05
0.00010128144644683547
8.281034586009774e-05
6.316683447796265e-05
0.00010797206569649149
9.28662867360156e-05
5.660483187272681e-05
8.530163762889696e-05
