8.077920547541735e-05
7.518330949968481e-05
6.051439227766194e-05
6.661078163583977e-05
-8.550185224324429e-05
9.986364258293684e-05
7.620636234259761e-05
9.365151258356557e-05
3.888600107769083e-05
0.00010810778984762121
8.04039836059664e-05
-9.316151476697267e-05
-8.20195078232819e-05
8.952463990107204e-05
7.857199579298197e-05
6.637723194740896e-05
8.724485234392133e-05
0.0001224478757575491
0.00012549967496607706
5.812700146404394e-05
0.00011521387057039181
0.0001092831284657977
8.357292345141597e-05
0.00012748045183455774
6.91223195272141e-05
0.0001133152221789673
9.048184773374898e-05
8.892552430910387e-05
8.645260004504538e-05
5.693021949969653e-05
5.010406664950467e-05
6.997561967301735e-05
8.773254144050551e-05
8.616546211631859e-05
6.956172654999807e-05
8.783880237961207e-05
-8.001185192791794e-05
-9.474739899479439e-05
7.534342803455376e-05
6.692430342499608e-05
6.342895437141068e-05
9.950241497737772e-05
9.064564829641412e-05
7.551749734365578e-05
9.41737007701758e-05
8.445262824472084e-05
7.929383641616201e-05
9.418926707762747e-05
9.141757486872163e-05
-8.259356294414421e-05
7.876786770434947e-05
9.614479482590261e-05
8.070204019760925e-05
9.388081163821797e-05
-5.8251318327442004e-05
8.92015474667449e-05
0.00010466114573288074
9.229997732774795e-05
0.00010229296674886102
9.242390126955449e-05
7.089963716607488e-05
0.00011285459046552572
-9.522408847274189e-05
7.598241529848875e-05
7.71243764752177e-05
0.00010409288568538006
9.488949697801314e-05
9.923655847011843e-05
8.663646926020027e-05
7.721772946740074e-05
0.00010116219306155256
9.59888229944013e-05
9.762284639163502e-05
7.06286081896188e-05
9.181640776109688e-05
6.35202466345105e-05
7.562406539029236e-05
9.532837957092114e-05
0.00010085708404289555
8.572758925812488e-05
7.686238116118193e-05
7.819315900263712e-05
6.75121343570262e-05
-4.828245093149152e-05
0.00010114984309372126
0.00010129867470416864
-7.977572568146306e-05
5.875479039504788e-05
9.237185194687798e-05
5.8574630392760614e-05
5.7588043669520316e-05
8.887514367283388e-05
8.941528358458944e-05
0.00010217667779080939
9.701487369673035e-05
7.782987325183374e-05
7.593697836252679e-05
0.00010794362994453585
6.718722015119672e-05
4.8848614047930684e-05
7.575025224522049e-05
6.931061740649583e-05
0.00010091683779125935
8.37269832870709e-05
6.967594469174924e-05
0.00011204066323885128
5.8775508729258134e-05
7.663450071476139e-05
8.129444899812478e-05
0.00010665084916484252
9.694460379597841e-05
0.00011342007227439714
7.300304703843645e-05
8.20897298131967e-05
6.939314627105059e-05
8.27778469351066e-05
6.551130850683565e-05
0.0001078217944013989
0.00010717558877429632
8.264951220756818e-05
8.766722132645864e-05
6.914894645220823e-05
4.5806120250869126e-05
5.8876046200301204e-05
0.0001095051710298831
9.714020520563275e-05
9.190284883096347e-05
7.733933598164095e-05
8.066315350673243e-05
-6.772990691295054e-05
7.988707928295007e-05
8.235936224048124e-05
8.55607873044977e-05
6.855045141713917e-05
9.679003722558546e-05
8.707029254938584e-05
8.7632619073416e-05
-8.372247273728192e-05
7.667078874333933e-05
5.384263372201083e-05
8.54345470345406e-05
6.239095268558545e-05
9.948711714764772e-05
7.759119443115662e-05
8.502281550515706e-05
7.806887780973209e-05
9.412947325257171e-05
8.155439869540411e-05
0.00011672508010517165
6.395173714570583e-05
7.434356987720877e-05
5.666109932533048e-05
8.416089910672026e-05
9.85770177904798e-05
8.354140324165501e-05
7.865653654988638e-05
9.051602756145588e-05
9.297320094787858e-05
9.233482965803916e-05
8.687752039699732e-05
0.00011672905298348679
6.722240639063223e-05
5.6744625466083315e-05
8.055325505658361e-05
0.00011419910828202183
-6.299028349974636e-05
7.612693197108984e-05
-9.48321965263624e-05
7.752279193133933e-05
8.327579452524593e-05
8.127871550686763e-05
7.613791825618708e-05
7.411030040746128e-05
8.282440906786078e-05
7.343837761729847e-05
8.433589057588737e-05
7.902554923728809e-05
0.00010458885628450096
8.607979662852497e-05
9.736259556476875e-05
7.150839052810265e-05
8.318746038188875e-05
9.272590631657455e-05
5.4050595314013464e-05
6.370609934328711e-05
