8.475014947141318e-05
6.422271491379456e-05
8.650221862261542e-05
8.614372504387541e-05
7.164116257715779e-05
8.747542928138251e-05
-9.006732347548884e-05
8.97932216997318e-05
7.135697063617376e-05
0.00010733552149448873
7.980697085539888e-05
0.00010934888349619496
8.755300702639941e-05
6.638055041432323e-05
0.00010166138563561083
9.351297848085155e-05
3.7808987104008356e-05
6.383450947656159e-05
9.3065529598055e-05
7.850614068498226e-05
-8.968624570510887e-05
6.766658331916891e-05
6.935008335134565e-05
9.77431894105691e-05
8.814305395784938e-05
7.70342643066989e-05
7.972838046322705e-05
9.024659429589925e-05
7.955986902391021e-05
9.476904660271275e-05
6.976357278452393e-05
0.00010257724903287687
9.38395920230063e-05
8.222921825468783e-05
9.86802821555434e-05
7.767058781026995e-05
0.0001053947859028283
-0.00010025828064678234
7.056538245069038e-05
0.0001028153215801184
8.628226933711065e-05
7.873348899071435e-05
7.880297336409224e-05
9.586312035368217e-05
7.746472340426557e-05
7.806694405846704e-05
5.732140899116785e-05
-0.00010004496534301244
7.262935291509079e-05
7.454791481733455e-05
6.75473853701435e-05
9.89747354063081e-05
9.21203770796537e-05
7.30999541447874e-05
9.396804213331532e-05
5.710148633201777e-05
8.647927263977628e-05
7.470315029149592e-05
8.467849641347558e-05
6.340704305408433e-05
9.361718111730104e-05
0.00011158211837873045
8.288047584769563e-05
6.989156579864757e-05
7.235097650298254e-05
9.937542758382045e-05
7.761036438143855e-05
6.257526051805758e-05
7.653311345409011e-05
0.00010092080573757492
8.624188363260444e-05
7.185714793254924e-05
7.45447199195449e-05
8.560325665272857e-05
7.927701739230013e-05
8.35184477307149e-05
8.79726714985867e-05
7.768227553165177e-05
7.382403250576656e-05
8.161261531188931e-05
8.539479053087752e-05
8.095948795448381e-05
0.0001059900470721409
6.126473677852383e-05
7.167207128657915e-05
9.469737341085405e-05
8.47825134292539e-05
8.594392003525049e-05
8.671099390564708e-05
9.546265844570928e-05
6.729401534883624e-05
9.295214902889994e-05
-7.457425880590266e-05
8.947510072859312e-05
8.318271345227724e-05
7.738848542520754e-05
7.675916876680244e-05
-7.561350703307248e-05
0.00010164143962737449
9.252415293427788e-05
7.962028049149063e-05
8.61948995120718e-05
