0.9770013692936522
0.9359411079200292
0.9873180025981605
0.861160090071507
0.9290688779783609
0.9780823262521812
0.9279255497681265
1.0217430517930883
0.9430996809454529
0.9090320377623621
0.9314200249553859
0.9481698340641053
0.9169113086546303
0.9426070568854944
0.9215008539098729
0.9483586707107697
0.9736353163111179
0.9915847735348731
0.9772734633687167
0.9806155226881336
1.0712080389795675
0.9415237125379988
0.9195377056711899
1.0071521703247408
0.9430266916477201
1.0050208297179961
0.9835428518183753
1.7700708332196933
0.9895140051959918
0.9122286010247173
0.9421590916330301
0.9459759185144172
0.10809824573959254
1.1950453936923155
0.9967961858167924
0.9208210406617341
1.0313255866184
0.9393953040997279
0.9523842586917268
1.0306005446910176
0.9674334997121815
0.9941295041852977
0.9802099433347641
1.0315238639872206
0.9375029897914952
0.8979709686611682
0.9233240809261546
0.9402962366989233
1.031203333889257
1.0384381349186247
0.965682301509053
1.056809899943806
0.9669929695135326
0.8417079667242251
1.0254813889909389
0.9617113621727353
0.9651791221328739
0.9403818483676424
0.9277526955299084
0.915263942297447
0.9609351873450563
0.941683412902617
0.915595929212951
0.9224182960885116
0.9873505712154131
0.9582397591406782
0.9577134009750699
0.928452108939018
0.9885524843983363
0.9704150368039033
1.0182248782126382
0.9727772969133661
0.944018009487334
0.9004870733521819
1.0141765757545487
0.9534372796470449
1.0091589279798543
0.9732890708925123
1.0091256762988468
0.9369268566066198
0.5353991557797521
1.7548261438241874
0.9873618004798018
0.9461529838841208
0.9730342434753655
0.862842181059067
0.920783673375666
0.8985025769903532
0.9051067469888506
0.9668826505393078
0.9993668772197244
0.8486480893574707
0.5150624149912613
