0.9565317080076049
0.9240071705758128
0.9520142635776687
0.9744883100446766
0.9275331936369487
0.9428280957118855
0.9277765550727373
0.9328362643554663
0.9848514900964012
0.977725519561981
1.0128140265941654
0.9589317505658345
0.9755682964239315
0.9741859174712244
0.898829303565938
0.9275667272058412
0.6201473812429499
1.0019977465275562
0.9749228354266347
0.9459936567872865
0.9977875680432992
0.9874650255615017
0.9824122978180067
0.9086215153876328
0.9854973587020524
1.0020712100122584
1.0108738644428394
0.935400323830422
0.9618533575475255
0.932813779629252
0.9355586678999905
0.9269069035268769
0.9550243924643115
0.9579288140740801
0.9584105054366889
0.9946151881534357
0.9583227215000493
0.956632343088624
0.9807719703258957
0.9895038486690783
0.7355723317486309
1.3705253726329294
0.959137794390315
0.8894467788951413
0.9016624217681863
1.4475678543834758
0.2356738036266069
