0.9674659805016603
0.9219808538419597
0.9642319462571832
0.9364363491003137
0.9222698861627027
0.9732500319056052
1.793629798822991
0.9879238886149053
0.953673630553659
0.5282635120957064
0.7285031021370167
0.9728901362763166
0.9736672047783013
0.9962830813356883
0.98079961081711
0.9184278910382966
1.0118582009269137
0.9547506887374838
0.9817457100514542
0.9270312099689965
0.9362257794447986
0.9562540214019603
0.9579409888955694
0.9872938425102595
0.9525085243129205
0.9768084043377426
0.8242398511074674
1.2301269018161238
0.9151253307285396
0.9234717480004193
0.7497407374457705
