0.9298905879014278
1.0357324054332255
0.9749396499846702
0.960228011899436
0.7657582621511615
1.0957615061951675
0.9917011603383298
1.0028045030805186
0.976612576642361
0.8195640107604882
0.8986287907527117
0.8722290966609965
0.9183805172395566
0.9125667991836757
0.9537413885746945
0.8006813338171025
1.1842478249855581
0.9417829667532954
0.9106344763417719
0.9254851080790389
0.9453951368747372
1.0263202381944807
0.9593336560254425
1.0985495593913823
0.9483039519202618
0.9295877647363125
0.9635733179856505
0.8749628337501342
0.923885882950799
0.9059000237094139
1.020782040582171
0.9202488799272108
0.8166616575734853
0.9002281870246472
1.0064313521662247
0.9359581613778664
0.9582083394261005
0.8886150926498468
0.9198089321928158
0.9374422753916297
0.8916605539698332
1.023630272721245
0.8584377679736983
0.9940027457294945
0.8878104840793396
0.9687962789095588
0.9591826799265949
0.9230481135570872
0.9129914690383817
1.0640645237630038
0.9328274407943198
1.0084858427725918
0.93984850564432
1.0337570263076659
0.8410102322109629
1.0233306412846181
1.1029143125856171
1.0588706210321839
0.945258723167551
0.952498203456107
1.0344136879180383
0.9973401051262781
1.107777021199934
0.917331595280562
0.9653295125858271
0.9492957798171376
0.8965138801461098
0.96400495328205
0.9026953294235562
0.969314221032804
1.0600266843150574
0.9849582822498253
0.9818109928809268
0.8897436418878177
0.9611468872519892
1.061689320929557
0.9812518056150668
0.9790528721675417
0.9913314858492935
1.0254941387923435
0.9336377288145998
0.9162093161752111
0.9253847156750025
1.0506469784274164
0.8669612245895555
0.968645452357962
0.89127469402773
1.04113246953879
0.995288212063867
0.9238093425412032
0.9012558009753595
0.9531536596686992
0.8839550264485159
0.819659505786597
0.9774674915882333
1.035995488916286
1.0912532734759233
0.8569489126263642
0.9499720379019347
0.12983032225925564
1.0020025836154263
1.024960439809132
0.985323544798435
1.0840600678111976
0.9303284804272423
0.975865770992665
0.9881290043206054
0.9284142568413856
0.8621031741421818
0.9862041614402548
1.1060192875468933
0.9996911365494141
0.9609152397304863
0.9423511389978007
0.9641533899459571
0.9038063981960901
0.8900884657961532
0.9837125504379968
1.1083221669032106
1.0245089531053346
1.0515125339408287
0.9298942018576117
1.0585120043445466
0.9570848552530891
0.9098816916964999
1.0018546134124948
1.0399556493095796
1.0288776734481384
0.884202442926268
0.9704996534937169
1.039260347711072
1.1177728286346746
1.0948735097537612
0.782858868163524
0.9470894938132657
0.9774415216173183
0.9153038936394612
0.8720758270515734
0.9413246292362525
0.8771182214948625
0.9608698653692848
0.9155752732484739
0.9046992484658698
0.9586394498978305
0.9459746410027856
0.9678491556549407
1.0600712407830006
1.0982618247392386
0.9936659553537165
0.9418599537276332
1.00994970010704
1.0515729332279498
1.0300103907655151
0.9583631162861772
1.0308506178543764
1.1232218597361998
1.0093892051800313
1.0239078320772428
0.894058584948881
0.9794544305861802
0.9302136630755307
0.8378457343291735
0.7992770997608676
1.0084789179922722
0.9732507302324566
0.9491402588177428
1.073025343120717
0.9812568053020708
0.9505242274834739
1.0403645339913794
0.9522367358825028
0.9516723939945161
0.9093447604049041
0.8922367492524547
1.035992839122683
0.8544029206344526
1.0039514827772562
0.9148858008738369
0.8867676073906786
0.9707280596468515
0.895287092744578
0.9302452849597899
0.9685299334619681
0.9612209032396185
0.8948790970062633
0.9309561563952882
1.0084670198225805
0.9361504465932947
0.9557952363925614
0.8453047697191372
0.9397149869383895
0.9466278276933109
0.9328880280591048
0.944508316083183
0.958390117095694
1.0828145643559406
0.8778441906142215
0.9840984834174838
1.01133893099905
0.8998370843542209
0.9293075324081697
0.9966706738119397
0.9533311563006676
1.0044430040166585
0.9177171609109461
0.789835585159026
0.9447305530099295
1.0672856240914874
1.0394513295480385
0.9715754557207685
0.959544348404855
1.003386438967467
1.0304743234528855
1.0020881749366788
0.9950406768096801
0.9695869120189874
0.9977040918581528
1.072224856030082
0.910076238961441
0.9425802997301901
0.9021287627056397
0.8953658981945445
0.8748462686283635
1.0397664480533064
0.9810999689518527
0.9117557418998675
1.024197441659499
0.9865013801184215
0.9251643144394913
0.973714429845767
1.0253350043590153
1.0015425870662682
1.002095388514873
1.033572083135502
0.9367454222548247
1.0459286001357255
0.9646706312062359
0.9436673719184189
0.926284663699699
1.0131979153873272
0.8764872161678541
0.9150190328272242
1.8181597921077988
0.9954116388528744
1.7067282986730952
0.9517531511454356
0.9477158736329526
0.9901006469949163
0.9835794497822953
0.9890084169941193
0.9542828183276338
0.9056111022292092
1.0005703844697746
0.9741604661317892
0.9432635004164848
1.0065094297267183
0.7881910194509649
0.8931439149535203
0.8980036252864778
1.0504792604124384
0.9024112320108986
0.8010013913180731
0.9243923077290473
0.8503973555293985
0.9280259542894408
0.8730848343783846
1.0378479869193882
0.8619220778090939
0.9573871851082802
0.9492935130440493
1.0210204863544086
1.1293188724443195
0.833921074748918
1.0445719177829602
0.7865244935603666
0.877009777873532
0.8821304097161479
0.9510744492048362
0.5860209305829818
