0.02244245613105034
0.018951045845235236
0.01942736852796348
0.020013069037440243
0.021964794323133408
0.021063256078456757
0.01859277747215508
0.022253510085961905
0.021842792329546917
0.018928770374365137
0.02150498602408839
0.019020960351177077
0.021284520039568575
0.020794456769858468
0.01846966664748177
0.019411518621079385
0.01907674885813338
0.01885414365102389
0.02032696777876958
0.01814810257852765
0.019107965805641048
0.01968285490426235
0.021065969923096686
0.021944424180144313
0.018652301248239654
0.02195196602980403
0.023041373068124177
0.020968977841453358
0.019255922116056524
0.020806138823943988
0.020458171337697114
0.019658305840061
0.021237161839264943
0.021147243496433165
0.022906557738782737
0.01834894571162562
0.01991225738799849
0.020728069666097363
0.017639873404583912
0.01841117994888065
0.019965276887390998
0.02097924290122883
0.019914321642773673
0.01961077893597853
0.020235733267514676
0.017754718150655813
0.02049602875084985
0.019075874417584977
0.021237711951200413
0.019174152613112408
0.02139570555176057
0.019330531515822556
0.020427899946197096
0.019247400345883063
0.018901281365764997
0.020157412198631864
0.01933261935400801
0.01894501717345428
0.019743285422496995
0.019856851103370647
0.020762457656652463
0.02072029854970433
0.020180199764278508
0.021474108004109125
0.016471307970352036
0.021129195696168415
0.01803037613665654
0.02092638871901001
0.020313209986688723
0.01844181915181305
0.020204188096397076
0.018999678786732158
0.019740748633273783
0.018017156956465663
0.018920918165431986
0.019127356457812023
0.01957588024879537
0.01806758815616933
0.018798810839555067
0.020102407230147976
0.0212908545951364
0.02054073497006
0.01798779949468233
0.020130570125422655
0.02029416588132112
0.020338445118548206
0.0207207016999768
0.017905305983826853
0.019901609778199523
0.018642123311161257
0.02013066193257
0.01956940971610475
0.020499138275288126
0.019279618042252054
0.020828790015302877
0.018831901081286743
0.01951606323966935
0.02032212550800916
0.019991272898004297
0.018177621772966363
0.020862064528423964
0.019165428150512667
0.020013939410399705
0.019259418246818066
0.019969422536874292
0.019814093812664663
0.019555782740518036
0.01960552585254811
0.018122296030955436
0.02091689341727762
0.019367298025460892
0.01840130095037066
0.019513675558907463
0.018314398424050953
0.019735321145739622
0.01973282741966203
0.018009282447044802
0.02025106095378983
0.020236787699703322
0.022122868276358128
0.018668105427033645
0.021282937245034928
0.016781947186637617
0.017810952328857856
0.018340486517508046
0.019152142525361963
0.01772598275265308
0.01972709568961618
0.019495821714028534
0.020402840361386388
0.02198899892544721
0.01865229939464439
0.018692669835791896
0.019482755120613458
0.01951254994802783
0.022012967771735878
0.01977618667255598
0.02165457000600118
0.02041869147204197
0.0205702829997033
0.022849696114184463
0.01904701459344082
0.021928347773650884
0.019722914931800846
0.02062684065392397
0.018347956313945035
0.019203079919965168
0.01996790874070906
0.019710891896702026
0.018343713157445873
0.018011361365520496
0.020813090607122796
0.020372428978524797
0.021106273917281523
0.020198043697642967
0.02247444821922376
0.02132944983441332
0.019475089641651715
0.019154801110420235
0.018720216140565616
0.022307451586001562
0.019607282410022395
0.018304456353304452
0.022275487869968667
0.02076931999949884
0.020711898086258125
0.020472939932754
0.019205273254923733
0.020541512072509857
0.019615474885899948
0.02023254399690089
0.02204565898051757
0.0180596535423919
0.018917450960801243
0.01891112987045071
0.021455519992364006
0.020665059502204597
0.021996596976524698
0.018926067202267517
0.019127353741098675
0.020624194256329963
0.021036584858238602
0.02368804504969028
0.022208280083776944
0.018936066309816996
0.018577243750975577
0.018286334048610162
0.018547453853122686
0.01889674350263903
0.022383529078215912
0.02007214368529727
0.0222913284395599
0.021440604183742627
0.018843998731736946
0.020376664998252438
0.020460078303229913
0.019559203496459558
0.018934297764661122
0.01913838545695421
0.02076977418516122
0.01990690993298593
0.019982141945123336
0.018825768792281306
0.02057192205645339
0.01988040009830524
0.0219745858495628
0.016854664987365712
0.020298196740983567
0.019486656876986537
0.01823983422862386
0.019087617305940642
0.020532394146733
0.01990300050959824
0.02077593951019915
0.019620223632471998
0.01876404886668505
0.020478600787416017
0.01690126702859515
0.020316096320215915
0.02112534446024034
0.018283803840454024
0.019266548993171307
0.021207204758579862
0.017730686965110345
0.018374117291917604
0.01933240360202805
0.020525127722212134
0.021059525654643352
0.018200582266257797
0.018862719120847103
0.019730590203341256
0.018293236934131724
0.019594865744173615
0.020254362389184283
0.02065330427766311
0.019228758385412163
0.01966164142121089
0.019292756130534217
0.018217215677135915
0.02040857674287801
0.021290324554142655
0.02081386745534489
0.020863871908788755
0.019741795239221805
0.018505709412288907
0.020531567108269533
0.02075810577803504
0.019332483686836797
0.01719433245712304
0.019661924020323344
0.02047573312981219
0.019182299367862716
0.019739529225908502
0.0187094434131606
0.019957365995952922
0.020979108346187336
0.021067582287159537
0.020979666584179886
0.02253965585711101
0.020532998881301626
0.02006823495295867
0.020543150570561323
0.0205688242124496
0.022517309473979435
0.02133884076559252
0.01953268030501378
0.02102017567188948
0.01979137237465017
0.02225267735113311
0.021661169302733988
0.02050849263622883
0.02050577848394989
0.020840948036015893
0.021584232493053048
0.020572834924942558
0.01959623456271676
0.020631120882133945
0.01879126664408673
0.021056457881937534
0.02298201447049504
0.01813361641149198
0.01957061418858992
0.020362976656873644
0.018794333708535907
0.0200092158276558
0.019607966843524723
0.019748857987472078
0.020343266955584884
0.021357645410914193
0.019221329219373553
0.020040736578854402
0.020641487755701834
0.021202820036900463
0.021620833211701256
0.02144442448620407
0.02046427381030332
0.02182657467744208
0.0188657575388856
0.02139224856604486
0.02027070755152524
0.0212290554506704
0.019926435004450616
0.01939540603161829
0.020052559623431915
0.018829369278421902
0.020106308101809158
0.02137551422808126
0.020824353180582525
0.023250924246714988
0.02146178780534663
0.019148752984641474
0.021852111276866037
0.020576263321675465
0.022462876312719395
0.019655926049981266
0.0214034752274106
0.020438449552610594
0.022391788593926334
0.018121165071981873
0.019668359656830496
0.020183742395508002
0.021240077853596676
0.020263851211692736
0.01982748016043736
0.02178975548332073
0.021470154217906493
0.02065702305158182
0.020319772781807927
0.022478377089938172
0.021398234523383037
0.021837830092796762
0.02020416049902069
0.01854411431838219
0.019675001253513028
0.02146920492166365
0.024103451474433896
0.018057091628792585
0.021066535309560666
0.020975888520916742
0.019370965622828657
0.020814342363834764
0.020097549275179736
0.02119061421806464
0.017740116241418226
0.020551145746150534
0.020154130581713618
0.021905850994730934
0.020773666836824765
0.02326434825381946
0.02066412489548
0.019737891444025945
0.01946764598814507
0.02174715239975651
0.022429788586401198
0.022795076905475452
0.021292943075135903
0.02102163711500673
0.019348482143890813
0.02248797459869556
0.021725439458811346
0.021025152255222074
0.01929519397788732
0.018789983051665744
0.0201140201009473
0.022851940597524777
0.02042878247512412
0.021116197472693565
0.021026402200639383
0.02028408329686546
0.020466286808713312
0.021455953377283867
0.020417405563532307
0.020217977273593542
0.01735095372786179
0.01945056326713397
0.021929466737677514
0.0199217545345973
0.01879866670177293
0.020481908585817346
0.0189921361515287
0.019709614629261483
0.022125488526161963
0.019015088236019172
0.02200416480725552
0.019157411757941903
0.020020497364833557
0.02157714577531947
0.019608565726303626
0.020830326877409766
0.021794072204114622
0.02165631246185676
0.020377409055120234
0.021174636766797303
0.02128062360038807
0.022854613824209617
0.022517171692511044
0.01966912199596336
0.022094021855841608
0.02142120661180081
0.021352537983441326
0.020509202797454214
0.02082739160983987
0.020005215137137367
0.019288897835422016
0.018843301501679992
0.018178102583840287
0.020111655291188035
0.018289876705679477
0.01755262719770368
0.017698691089783124
0.019219700366716816
0.020883778576685004
0.02101522039087507
0.018163027466468917
0.019633889808231154
0.019924339020864698
0.020037113029310136
0.019705326935676934
0.01864613888675596
0.02026100077619452
0.019799404157985354
0.01999066408814273
0.019934675978113825
0.02159729724777533
0.021035674549174835
0.01826200379264943
0.020308546958145213
0.02017641197109234
0.020646900009779756
0.020989882080281453
0.019314411076377908
0.018082247284874026
0.020284680007550772
0.018862712066140964
0.019487806319410213
0.018981845303293884
0.018069637207793775
0.018866957842450613
0.02015375043089201
0.02071742257455333
0.02135865430835953
0.02137704818752318
0.019631894354258914
0.017544924360432278
0.021564051131924344
0.01791728247081272
0.019849852660836626
0.01956659733489291
0.017807945963177658
0.0194116665698948
0.021868487440578857
0.02307345523728733
0.020560276158405336
0.02079916377085905
0.018973393346367134
0.018780368649034745
0.018725483966318495
0.019526378479144797
0.019123388212350743
0.02094493866562916
0.021538131597494056
0.02047984882727559
0.021694501702235466
0.017779271077099215
0.02168273184662551
0.02022365158502367
0.01852616127674862
0.01853456418911404
0.0212700927648848
0.02052741419585314
0.01964387923589634
0.018711463818840604
0.018863649510374985
0.01910979182128252
0.018351727559459165
0.02050132109642744
0.019467570277744258
0.019916595475432446
0.020715486366738905
0.019581949912768626
0.018971080997133582
0.02102062625678983
0.019901769181337736
0.023177123120328276
0.022081494298141865
0.02061507997843251
0.018935844723824806
0.0204998905939948
0.020185068107055625
0.02116668984410057
0.018639437208291153
0.02127163406087396
0.020154739747264554
0.01993103357569289
0.02233731184316876
0.020836153026212143
0.020315157494423378
0.019138472701547338
0.02131505815001185
0.01946176955864781
0.0212891817456994
0.020429712644416873
0.02086643790814382
0.021085696286509015
0.020268345842084524
0.020188554679044183
0.021845852997039866
0.022068789739491612
0.021025276625406108
0.02088998097516495
0.021284222936756057
0.01940899420138423
0.020846710386472022
0.021534108206178775
0.019483138048130257
0.01921611666869283
0.020672610232253103
0.021638622142676533
0.020425084226004277
0.01926795303071901
0.0186843821657473
0.019392896861740467
0.019068656615631098
0.02024065361741969
0.02032061161407102
0.023023341265422097
0.023812944329434642
0.020488315884998533
0.02051014821439459
0.022934719122299746
0.01979702044404453
0.020673947260267923
0.02134924322175048
0.020472893271233025
0.021504335938728095
0.022206503184215007
0.020257450076869847
0.02236083982198718
0.02314852072394225
0.02198037856499488
0.022226625520389415
0.02008266069538993
0.021099177974579098
0.02093950786344097
0.01977724868172749
0.02023496917983204
0.020351496990277385
0.020220502166756697
0.019947016546403202
0.020413639272537542
0.01885670189553997
0.01933206714719636
0.023460403879422467
0.02005412643818688
0.021028273027442753
0.019819229815787553
0.019943967269765436
0.019785972725555257
0.02071755118772933
0.019972933695901085
0.021561059194975144
0.02106382130699503
0.017639236223568687
0.018841913451863788
0.019448825059350226
0.02021293192630622
0.019881850557782164
0.01820980512243818
0.020969289802185456
0.020798828689348008
0.019654510371415926
0.019955999036472438
0.018564709588822996
0.019091070959626824
0.02150142662386618
0.020206917566474927
0.01671064052112765
0.01972830852042275
0.019352008792072953
0.01971142234317258
0.020881021291881505
0.02062104802370916
0.019730816036418002
0.019649995377658276
0.019099527218338685
0.018477187667318262
0.019515123793255436
0.020743004062762808
0.019566622254727363
0.01973848580292643
0.019038667061072663
0.018858024482125833
0.018550458405624064
0.02044025198372011
0.019607474727252404
0.018674053625234596
0.020547860200679065
0.017253101889112322
0.01804455556579897
0.018787333193439223
0.021034869299504138
0.02117385706229416
0.01977778077444768
0.019387291584123216
0.018191234343117813
0.01912757543263556
0.01823504888421759
0.019410364858563123
0.017905444820539976
0.020258289151313353
0.021156018094945432
0.02029914224178864
0.017451096503624884
0.0194121301953689
0.019253260613604172
0.02004722939818907
0.018920577411549698
0.0202219809992456
0.0214173204370117
0.020010242823276025
0.020416188859412637
0.01996980888756589
0.019729513099518942
0.01926224938395092
0.01966496297477111
0.02014729409543556
0.019292204832255685
0.01920989286757494
0.019808988690606835
0.019756966392586887
0.018914498234147786
0.019876878022441733
0.0186474484494519
0.017960704757077457
0.01971216548336883
0.019071330951456855
0.01943932620081547
0.018486575065857155
0.018200783119056374
0.018004375613988533
0.02087810021806401
0.018949382602779757
0.02032098064415313
0.01971142834563894
0.01791574977949416
0.01944145439436676
0.021410418613765338
0.01865280104833675
0.018703114971576285
0.01943718831360675
0.0194862454672187
0.022561435326064472
0.018159681788840806
0.01961898396263261
0.016760075815153264
0.01721499838708128
0.01900427826899862
0.019997422659117702
0.02059793378362897
0.020368707695469227
0.016818620724414562
0.02226931423620585
0.01922696239625262
0.018569771134118455
0.01802343921983631
0.019392518792983215
0.01881550894888996
0.019980251894084956
0.02004844873536117
0.020311122443371556
0.018439957293632903
0.01957327323698842
0.02169717069641034
0.019845540769119527
0.017479375982138647
0.01851986328837631
0.020928470750499584
0.019499704124097406
0.02015526283987623
0.017874452390199743
0.01948439909786009
0.018463833617718996
0.020586833061636053
0.01924867778686905
0.01930053778642691
0.01915103510571526
0.02010795825092247
0.019376506548807227
0.02031089200109657
0.021003288608336047
0.01968893192051102
0.018757664876339425
0.02093826002740986
0.02417498711272313
0.02041912679674192
0.01999783338688139
0.019227881553143217
0.01876493025301343
0.01830917858987801
0.02086946346473976
0.021622669433865403
0.01930958367907969
0.020822966333276457
0.02153419333374826
0.020668626500016857
0.019468513678593168
0.020634495152648744
0.018430540526380153
0.01859163433878667
0.021219702871481713
0.0190860248341005
0.018314622515420348
0.018598395906230074
0.017765137435536947
0.02186297025111509
0.02172319884257888
0.019935981154248467
0.02062839620129518
0.021440400164592782
0.020657809518602792
0.01936810461542139
0.018758591762304138
0.021122228006531636
0.022274751118386525
0.020158790120028646
0.020075944502039506
0.018751194509596385
0.020980250987274674
0.018402626797503326
0.02036053155730032
0.019801208543140436
0.021356858762086064
0.02123625302903233
0.01989081720960762
0.020511733787968525
0.022673846299312312
0.018464030509260564
0.02116594136271975
0.020426682582567496
0.018258441381314026
0.01836916535396009
0.019089651463561823
0.020009395658958096
0.019835607690025892
0.021114845376763863
0.022958951656617675
0.019881084961811124
0.02089145264447185
0.02229492758004767
0.020801521535423907
0.020788857302909115
0.021540773024301116
0.021328531445100125
0.018566612607729443
0.01651056493709307
0.01934436690123803
0.0187462991761191
0.022132956716590404
0.020840666874634626
0.019960783015803226
0.019161228959744203
0.019027967744930298
0.02129749111278406
0.018924511467661123
0.017970752375509616
0.0197445105115426
0.01776973288656538
0.019794157323855147
0.01971898697418313
0.01939729301121865
0.01827268791509163
0.019122376098836543
0.019582970541109
0.020379758085996114
0.020141490662225207
0.020654544706228448
0.019356029498868423
0.019608445322098548
0.0199882441059746
0.020363847738028542
0.017757004530306666
0.017588595248752087
0.021614819041963634
0.0202606874857312
0.02082623689479269
0.02011837389047224
0.021206514938755378
0.019475278658592093
0.01992078004470722
0.02010028661493185
0.01994469695018071
0.019744173598153714
0.017564809578198306
0.02189463037507587
0.01886242858587866
0.020363611305337273
0.02059169947458153
0.019566934502461976
0.02320369255711168
0.020031076054094342
0.02143555743134581
0.020065588780187393
0.019578371443457417
0.019875275373087434
0.018892310938902198
0.02152448328964757
0.02069497903736334
0.01816226672300457
0.02020532523023012
0.01890717824402266
0.0183883133693198
0.018166796107994005
0.02047663513178195
0.018323436662686134
0.01885150596437333
0.0182902493593609
0.017201632407671197
0.019620135388967824
0.01913535517563463
0.020013185494896914
0.02116227979439412
0.018148355892284272
0.01743383951652617
0.021635922364888385
0.020562821638977238
0.021321508256083324
0.020078488824755665
0.02139696765922009
0.01826126952775046
0.02055151927884374
0.01809245999001912
0.018443952670367747
0.018945817066890004
0.018761992421264386
0.017990759012603254
0.019982589859746457
0.019202435670232804
0.02054679549724048
0.01836933246982828
0.019608435106849318
0.019340184715343704
0.019014243597807214
0.019857127624914456
0.021207240409929537
0.021118531298378113
0.020356250615028503
0.021753564652066227
0.019993068730107446
0.018613646588511636
0.01919823904293069
0.020041733036504958
0.017352492949914845
0.018991398749653613
0.02021703872125171
0.021554596712675324
0.0184150987412677
0.01907425752128666
0.019114729100717494
0.020931769247965006
0.020237530804284535
0.017769497065070854
0.018425481710918765
0.02047773277036637
0.020043517948853878
0.018720080905402295
0.018744573066159776
0.020090840507515355
0.01970830597568312
0.019400228377718227
0.018189908702974395
0.017813796963846138
0.020660376886723498
0.018148286880230086
0.01922242949311535
0.019346044130540953
0.01962373902941348
0.02156641392202829
0.019131297470136623
0.020554933708982356
0.018066299409635708
0.01904974611819947
0.021173873744620923
0.017830719450227954
0.016539136677532325
0.01905760341381088
0.01871976087383572
0.018937515315025428
0.018180236101171022
0.019228460927835297
0.02070252820640475
0.01927982224610028
0.019276868704534197
0.01936682172952107
0.020886147271667276
0.01752176910483491
0.017764689816496797
0.018560497622847727
0.019040517484353543
0.019659370926077196
0.021921514591210167
0.01875218840709199
0.019582178824799148
0.019730436511120955
0.02035556657977028
0.01767502019761598
0.02038094021124194
0.017923684088170407
0.01874495244598345
0.019339896712485233
0.020386686840822933
0.020435261439099458
0.016856624929678404
0.021592838163333464
0.021684482759466356
0.02044101793976607
0.019646253632582867
0.018007401803190107
0.01766039286738939
0.018839564715425465
0.01973184410004729
0.01921766743418677
0.018901954449428524
0.01938025784458638
0.021210961734283676
0.02229421876543555
0.02033404736856303
0.022473512123044697
0.019499678435773247
0.01846919075500689
0.0192461195285676
0.020011193489750053
0.02266024615841565
0.021916033407267315
0.01685665728006825
0.021813498773714485
0.01949739381931651
0.020525259394832775
0.021370464290560054
0.019729840106480576
0.020080835860737396
0.020019063830667636
0.020814706822307752
0.01971835234412288
0.01987838296979703
0.020655318505998457
0.02011719054608575
0.017090959689757542
0.01951129706025384
0.020727852723318774
0.0181561949270498
0.02195472451784884
0.01889806867009926
0.01905762394082742
0.019666566812338675
0.01982388960093872
0.020822730680042444
0.018469244512145207
0.020017830345725973
0.0203082399630154
0.018496272572727367
0.018998057362973598
0.019918047217107417
0.019344656355274558
0.020663957696580745
0.019144941025380093
0.01811836875236266
0.02095702257888208
0.019008077894003172
0.018861546978083593
0.015739240331328716
0.019923100036447487
0.022368374971239422
0.021367847669972323
0.02039121284807187
0.016162505850992076
0.01867690005371086
0.021048895308930945
0.021816453343382634
0.021040641924161618
0.021300038929254535
0.0203858536751008
0.01776091231405454
0.02044100957988143
0.02022609647389397
0.020795448730626685
0.019220025869544143
0.021657217758906118
0.019308096905006688
0.01648905601216898
0.020080038822856104
0.018036095568760898
0.02081586027731699
0.022156256590598063
0.01981212326350769
0.017853793705707607
0.019184755008269175
0.020549119115593796
0.020070410928006405
0.01991219396236894
0.019670432719921527
0.021003546903609713
0.01840508227831804
0.018705775358265238
0.01986938728770244
0.02012548012394914
0.020552958435244368
0.018684557422287532
0.020804858598042875
0.020959578711429366
0.020261003916282768
0.01655217488844208
0.020631750583331023
0.018841194446702986
0.02094878413299326
0.02063216426404001
0.019762781015262867
0.021760471603894098
0.018612168646026887
0.019244933859995386
0.02101556910653686
0.021794643905918527
0.019411406191098456
0.018490717964017044
0.018592688345900964
0.017298236998338008
0.018724667710662692
0.021032888737854687
0.020435860480171313
0.01820720707911905
0.01848503897317633
0.017748698480645538
0.021696239692048654
0.020798321223223188
0.018506623075697406
0.020939801772072712
0.02033814765150126
0.019581130579504665
0.018680567700280877
0.018718460784933565
0.019733803339942912
0.019212746881723267
0.020817695729687825
0.01851958054299415
0.01769589450678221
0.018912899870531366
0.02147184130894272
0.019274574978733458
0.019765895188018495
0.019503679486134403
0.018734934125312453
0.019665917928717976
0.02009697724929086
0.020062952746832754
0.018652441071891658
0.01918836067612415
0.01734731793812527
0.02029345620609878
0.01983596386032331
0.02220623053315134
0.021464041124319166
0.02098609271992571
0.02144268738613121
0.019785354180214283
0.020823504075488802
0.021723176635367467
0.020398531945957327
0.020083160107596455
0.01944034452791857
0.01993419881059552
0.022797355862233363
0.02057665242270843
0.019697212356101817
0.021807138058115877
0.020762848826205993
0.018941378567485036
0.018806506015661965
0.020074802980187406
0.020992417535473477
0.021777601056004514
0.019832748433831374
0.02192024663739861
0.019784549086189457
0.020767673541683185
0.022701486170364715
0.0214435230599901
0.020202280376701704
0.021453294192877226
0.0194089004130573
0.019632099882611834
0.02046037445079241
0.021299973973102296
0.01993565447464355
0.021736959864921017
0.022259080644174103
0.021266091092514833
0.01948756872295948
0.019560937002602273
0.020040959071819315
0.021629338293101333
0.02161123512104501
0.019060553233323924
0.018774307749088694
0.020145100055500662
0.021326853996253534
0.01945213391847398
0.019199218743157047
0.018474886893666727
0.020684288570964434
0.019954994349897576
0.019033860751011288
0.01930305002338519
0.018101390534342628
0.02107523744733949
0.02030382230861625
0.020623498647824583
0.020486595397863187
0.019407190965595716
0.018646400716949462
0.019851072307925943
0.020581670882775252
0.021077004728964895
0.019632438301574573
0.017982964280358248
0.01919921671645397
0.01864181040435344
0.019746775674720066
0.020040753171310353
0.019254849815800563
0.02015733014135274
0.01992677905740111
0.019878586339008828
0.02202354558165949
0.022060608633808806
0.020246627650148293
0.020370637994747066
0.0194478100328617
0.018878692911729025
0.01908919254377676
0.01929036338510403
0.018683684231655378
0.02187854103072375
0.019725594721873282
0.020469818554808054
0.018886633255311758
0.01961863056162026
0.02060685731150456
0.019191335191371207
0.020861129459748964
0.020809903949701735
0.01797533315443561
0.02030822570758253
0.020630903971724096
0.019981039448013434
0.017428586007262954
0.018610617004948836
0.02005259147415017
0.01815598135911802
0.019493610887783668
0.01977771538973328
0.019846928383093758
0.019482084464220322
0.01832141216963938
0.017982483202624956
0.019365591302986918
0.018877176093443575
0.02063924952463056
0.018974890345286804
0.01693213202559085
0.018693749545153536
0.01973681098957721
0.01924647925024081
0.019573204033167025
0.01995101441223713
0.0191191630997604
0.02106619931784334
0.020737344056012998
0.018447459535322137
0.019588403825422734
0.019851147776700075
0.019486054264370622
0.018170272273170043
0.017970016055062273
0.022630365025366833
0.02204538508878362
0.01897504045133465
0.018599877454977036
0.018989098290633038
0.019728306431015277
0.01851392883125797
0.01815412496630656
0.019473337254130953
0.020759964144678657
0.016434477041840114
0.020238841126911634
0.02054827853067279
0.020233360786549297
0.021131813766728784
0.020574623620746867
0.02177041198382812
0.017642173921955245
0.02061521249082898
0.020300683298879938
0.01980955610951064
0.020404381522615093
0.01985494487341203
0.018934007399839362
0.018743348139983115
0.017372155227395075
0.01880996681415766
0.019649178780455155
0.019569436373844885
0.020530571420863213
0.01924337946347191
0.020523860193240023
0.019263965385139862
0.019563282623587527
0.0176375877488967
0.017568582659331585
0.019624789637083764
0.02006420389630008
0.018334220549584234
0.019461805495053386
0.02074525181810646
0.021148603223462823
0.017905750111288945
0.01907534131688356
0.020288718501265447
0.017212317353950807
0.019430673692131813
0.020971537338225904
0.019347095561039158
0.019174810308069952
0.020520733554461542
0.01888857776467286
0.020341487908612635
0.02146156109817643
0.020074625291058294
0.017545420581587593
0.017913193594266272
0.018667595057192957
0.020302050365460712
0.02057525524680372
0.01818361149607971
0.017769961300395213
0.020393247301153026
0.020689415859497556
0.01749038529467429
0.020792925305174303
0.0202398454069091
0.020539098976786137
0.01931222610244303
0.020441341143178728
0.02107205980721499
0.017651997825566246
0.020392529183938995
0.020222469977393055
0.01867179337404833
0.01936642932163248
0.022059882787107462
0.021729832016550776
0.021164490255259866
0.020374369541449642
0.01927045126529268
0.019291035914507284
0.020475857011678394
0.020592107613841226
0.018235761537955492
0.020659684552729114
0.01784324245500754
0.021621456165881802
0.019635818599937318
0.019818502251680626
0.01878150013879681
0.01844851216881071
0.019419608165874066
0.019922191584830346
0.02042260151990447
0.018794655159170087
0.018980479746866397
0.020442573854140274
0.01909598715837892
0.018779508105987344
0.01858322060640569
0.01920105786352838
0.018838647687727906
0.019210832877158496
0.020941141688418766
0.020485343127454377
0.018598091314369892
0.019490143149168054
0.01945336438814717
0.018649871933659908
0.019979734083154538
0.020130767207928286
0.02149128034947763
0.02015248857640419
0.02073611191193419
0.019654378163448498
0.01992409299439935
0.020217413529436092
0.01937214496661045
0.02236194702911074
0.02046271228020718
0.019885699672837518
0.020340676163277185
0.01982566231617657
0.02025218597852398
0.022478281218462744
0.018873092910545543
0.018120014294283046
0.020665961197298695
0.02032451849598035
0.02094224636146089
0.019996599298998403
0.02162032847980772
0.01950823642608561
0.019328816061137444
0.021220224508953806
0.019972870334430636
0.0209144031378899
0.02026546480729275
0.020966312745038376
0.01842260366771476
0.02186803086716299
0.019721955546892964
0.02088163892476885
0.01963445889707772
0.02017672046939068
0.020519622242542144
0.02078235761278003
0.017134129997506214
0.020515373322663594
0.01915840593544268
0.02159165521629976
0.019467110135990697
0.018729455201207
0.018231237946413698
0.01982059667810955
0.019635114558403322
0.019924259258796005
0.020722898647461827
0.020342983063722783
0.02144401717541828
0.021329386962056957
0.018717392974157088
0.01760578834709609
0.021160939962848232
0.020022740096649973
0.020360654435531183
0.01956119393890873
0.019949545396009846
0.018779374797471993
0.021599065098406197
0.020484871410491406
0.018077372710366413
0.019032321570855496
0.019280913766886953
0.01831029350163594
0.020123903971322216
0.02009335038627176
0.01948883097926623
0.01715033831170691
0.01934957171798368
0.020185185973182238
0.019302088514029356
0.019992650712264824
0.022650856893167873
0.02126455569652805
0.018714466502205165
0.02175770060079337
0.017719234923383516
0.020818077050131896
0.017967490131368516
0.020484294480795754
0.020823162592145165
0.01948206199233262
0.019704010130937352
0.019604808550146815
0.020819403431515816
0.018031412129476673
0.019768965489794548
0.019176209269788184
0.018602011643903304
0.021060882773414693
0.021552305036714875
0.018891119965526077
0.019095932090306605
0.02185486552560852
0.01847863432496539
0.019102551786454345
0.018852389453630197
0.02020700188658755
0.02193777659046916
0.018798782551770463
0.020525782599884457
0.019910922597165405
0.017130270198769365
0.018280958245935473
0.0193583808944463
0.018433663837353228
0.020192447408944155
0.01863297343303981
0.020945209205323435
0.01758368889430676
0.020774231499951522
0.019891572365214452
0.019596358301303806
0.01955670333068895
0.021891027681326496
0.0180225396059505
0.020380062924820558
0.018546888419925456
0.0201305229026354
0.02038635600909156
0.019016153320271664
0.02238915390124
0.019255613103313148
0.019594873126483316
0.02003418691608468
0.018253965865720777
0.0203143163175638
0.019328757835676193
0.019685378696310714
0.018995198710234473
0.018011299261391056
0.019631507332385043
0.020865186984172224
0.019039677720905028
0.020343346138261675
0.018610901203399095
0.019595584556188417
0.018495259103824276
0.01929737603643798
0.018187438968540283
0.019415904430281846
0.01852396079833841
0.021260824709997975
0.01929222288923798
0.017755650058216974
0.020689245127928316
0.018439468656805968
0.019299814536388713
0.0200146136558089
0.019942134291624582
0.018723481463094
0.021409781488743267
0.018301558239300776
0.01851100545651088
0.021652524579898247
0.019665156438045044
0.018815318505239063
0.019880936661305162
0.021735169668995153
0.021506635169495372
0.01961975289663031
0.020381896644472805
0.020031098532773833
0.018454484522283095
0.022052323115560896
0.019086469439133016
0.019067866875438863
0.018922050967336814
0.02064981337920646
0.019966492561527223
0.019387559040444556
0.021278106032322743
0.01971166227232015
0.02260511975187324
0.02130800443957383
0.020338865762244984
0.020435459784076966
0.018250064935367943
0.017811220952215285
0.019629819143514776
0.01995779180614884
0.01753708788077968
0.01880296063335588
0.019651105238408944
0.021288163863097394
0.018336326068452067
0.02035455642659808
0.01958818968920829
0.020931875129066205
0.018557844868047582
0.01784850330287765
0.020657439470951625
0.020055928638311692
0.019540536593791798
0.019699431980110687
0.021771174266443982
0.020061213701438547
0.020337859959367988
0.017476851780855146
0.01912843119643953
0.020172909464831395
0.01938177907768576
0.021039133668940932
0.01992079183603908
0.019232478626898333
0.017756093933011537
0.018959455544910558
0.02022750473627893
0.01821593481814246
0.019684450963345645
0.018584055676409625
0.020393591846808355
0.019011712763858463
0.01874305603620839
0.0177470591813251
0.01985729029258767
0.019725316318140763
0.01777617461546843
0.022395042306751514
0.020560159774936804
0.02042323832639008
0.01828118242663545
0.02233855955245347
0.019292551850044543
0.020030356332502566
0.01874358618538255
0.020349858262368247
0.019571316421978537
0.021625323063917196
0.021840913945803387
0.018468225949952947
0.01771608324233869
0.019160265706943264
0.019886125478842262
0.018474610336840853
0.019170073962670123
0.019991294083609223
0.021747193232806116
0.02096817423103667
0.02097876008919349
0.018987717043569042
0.022445888343706238
0.02180434582134487
0.02257336743846752
0.01814249551832668
0.0186491014948711
0.018603018818481393
0.019183017131047156
0.022309456676125897
0.02143259496335822
0.02065946274565811
0.02152296380309149
0.01981235840763366
0.01954216398658034
0.01986150746039915
0.020220589634771472
0.019766378821445385
0.019197226195167453
0.019403123092696026
0.018996063580338472
0.020961330896351885
0.021730171295156017
0.019381950435777635
0.022495907514030345
0.02121430840063541
0.019288196873428233
0.021256002225432197
0.020110717653648268
0.020187642171539958
0.02286744715752652
0.02034869087878512
0.019983016865282182
0.019554586878158288
0.02098116075575511
0.021393849204620983
0.018621407945773993
0.020752396712844793
0.021105598602772058
0.019436860677165928
0.021937708883908228
0.02131332192719836
0.020921842655882202
0.0232777518190859
0.021386160691504237
0.02051204131569145
0.021052718570741515
0.020939124280891338
0.020059665227680986
0.019898374762163815
0.022075766271550334
0.017926012233751534
0.019726266418725824
0.023259032339793935
0.02088158944449955
0.020132315911371275
0.02093409637144634
0.020139839264051496
0.02114336864247409
0.018788455510339384
0.022630160881481034
0.020028426053434085
0.018320880535897668
0.02344958185149104
0.020611705828143766
0.020715997916304633
0.019223818032338656
0.020890815618527216
0.020593465909363465
0.022372672590843416
0.02078565004581757
0.018612101879991256
0.0221200946153779
0.021398148541869052
0.01998989215718537
0.021622796111660864
0.02209759396123031
0.02064889154113274
0.018294498810042588
0.019643701877154755
0.020401244334440523
0.021735840287951128
0.018058775684159194
0.019096839336425482
0.019414386980239905
0.020635021727096962
0.02103041923363523
0.020410283009361194
0.020136766752590844
0.019906014946329664
0.01963442632977997
0.02163799065846704
0.021627433131029737
0.016837622739892665
0.020181132728992388
0.020878204847112426
0.021538539693634038
0.022213878545578918
0.02073992942922305
0.018599467907579256
0.017899739702569115
0.018911067463916194
0.017847023916026997
0.020611310026694935
0.020600492707186984
0.02085714625906549
0.02087504334797743
0.020056803383189548
0.021519003511291483
0.01955739866661145
0.02019899032904042
0.021570585118798447
0.019850979317009455
0.020245135236442842
0.021257298913847363
0.019221321936475827
0.019497371050972385
0.020533519112933107
0.02265187644787511
0.018190358374107117
0.019640941732049055
0.02044549354204053
0.019525385779887536
0.01951551575089348
0.020301298303231106
0.022298909067197357
0.019327704941458704
0.01937571800783315
0.02093462693749991
0.021440365088411063
0.018885530792955338
0.02001394106047123
0.021658299827253185
0.02165079258234155
0.01868093420231572
0.021244426574786736
0.01782602706560163
0.019581071956095156
0.01902574340366756
0.020194513891510273
0.020478757298318762
0.021830048790747094
0.018386186423875562
0.01918459143427564
0.019379917696583624
0.017981445887138136
0.01870872028133537
0.021601851927645414
0.020555100261949972
0.018203785730217237
0.01844303375625412
0.017901466335959397
0.01858422970512755
0.01985175846909029
0.020535604331832893
0.02057610707332123
0.018098412967507884
0.01907768959673268
0.019269656735175767
0.02169526366625423
0.02234691411926367
0.0196408227447521
0.019820989343185675
0.021665472653266658
0.02179765376404069
0.01921490109772235
0.01922129402364924
0.021082321064820008
0.019933209936145543
0.02126053278807205
0.018721966463053505
0.02066353944220639
0.01975895416467848
0.019543046694751685
0.02024858813501852
0.021431934415954715
0.019221613254321812
0.021992708383951922
0.019766064473872604
0.01876044672872305
0.01987550858008283
0.020052766736554935
0.019982452861918513
0.02062153508664925
0.01808145128335955
0.020173089815535082
0.021650441118441725
0.02003886792197142
0.021321239199309252
0.01923450552301582
0.021205721734703305
0.019692257768572547
0.0198568723452748
0.0194511200284084
0.021246361508507113
0.020853633796880783
0.020511710809730986
0.020925601584368732
0.018898243104781585
0.020086380547729085
0.021081287477843547
0.020857398584081987
0.01962761428469452
0.022441855004609965
0.01867906435305343
0.020826731014450768
0.01996174495429793
0.01928117379083013
0.019037254186459688
0.018905033497135623
0.019946783934671884
0.02050717314716085
0.018903648094183684
0.020089417358838912
0.01963717604926048
0.01827374005604108
0.018903133314862618
0.01636294863349584
0.018027085984651737
0.01804125547625326
0.01895347653308125
0.01911980467689522
0.016793305048150277
0.016967073850882572
0.016626724134513726
0.016955112983154996
0.018673687238176268
0.0177290148596371
0.018764950656239666
0.01733729382312665
0.018702715085660303
0.018660422789462304
0.01753945423422616
0.017994632266384956
0.015934772567903693
0.018487995685328978
0.017054242186740173
0.018062771087808644
0.017420862908891728
0.018193716715419608
0.016718019937209557
0.017560462548573897
0.01778230879791133
0.018077671765080804
0.019151765234921084
0.017158283667157624
0.017240394789400176
0.01885476283917445
0.01874806320444855
0.01847778457474581
0.018369738516665277
0.0186429352969703
0.017540274429097048
0.018868726027312623
0.01922582793027896
0.01824321517942686
0.020651057494971592
0.018953790081015102
0.017430092448517405
0.018338074823029554
0.020387398896519627
0.018562724854517997
0.01765836020078007
0.018752500903103108
0.020407067936638126
0.020745756570973606
0.018997535692931587
0.019250901578924885
0.020437643346251855
0.019208396351162067
0.022030868980329677
0.01908472617078742
0.019616961333600146
0.020145188592100394
0.02003851804526935
0.02049009019124726
0.017408586679674685
0.018364699896790786
0.020177901523888264
0.02116244631267659
0.020594152207106444
0.02000945050354947
0.021842380287092976
0.01968384543158038
0.0181518454320086
0.020789574707821765
0.020437318696413184
0.022284424964361175
0.02091655093341801
0.021062642254018885
0.020644474893776802
0.020511059919550635
0.025071455972065657
0.022426573971822263
0.01846327222301275
0.02171816542633072
0.02111687806838911
0.02045403929225821
0.020014204171660725
0.021995796566879534
0.02051691983958408
0.019723814636953562
0.018896269383769912
0.01950258140613091
0.01942853770090644
0.018933913734573832
0.021915094177891434
0.02127606213490239
0.02247134930386376
0.02106900533588043
0.020086034542068417
0.021443533397981107
0.02180580260137688
0.020254304530964606
0.018244981400624354
0.01800865057907388
0.019496014195452643
0.018815685413217546
0.02005348786989556
0.020000949470088084
0.021338682443952
0.020734822630925485
0.01950880376183958
0.021315863966001807
0.019649651268334966
0.020465769560776708
0.018187118770981232
0.019302296868551616
0.01983763665770301
0.018931139973585302
0.020570490348053434
0.021580288235827503
0.021878742238119014
0.01748418015504189
0.018953692467764776
0.020629321333078824
0.019298480266464725
0.019985925174139163
0.018817913298203714
0.01863037535978403
0.020328725555225774
0.018655879216867125
0.019722384760892726
0.020788939653190962
0.01807786591425039
0.020041397193387912
0.0206479563713291
0.018325389134208787
0.02061983305553578
0.020854818910373336
0.01883085005582799
0.02109314499743431
0.018410403005204835
0.02031718235601327
0.018636572008338067
0.01937480600627009
0.018417840799938974
0.019837436327465974
0.02047320057304077
0.019854042018219935
0.01913555781772339
0.019834387360495306
0.018620510188844065
0.021391767945059814
0.02029908931882226
0.018127476899252384
0.01755265807118306
0.019929379910216788
0.02094652473644157
0.016173552715972057
0.019353134037531892
0.02085809351869963
0.01985216315274291
0.01703795195372165
0.01967322259796947
0.018503205943397476
0.019485521931684097
0.02104963022680817
0.018116572338812517
0.01871357805705645
0.017696244819616933
0.0207120568245707
0.020632205139359046
0.01984598131585421
0.018069310078568827
0.021672157245626447
0.018946796675374643
0.01945590291751887
0.019743173631891937
0.02059690715884716
0.019514511530940217
0.020723223371939742
0.01953083638812652
0.019038861515357032
0.02016230178500626
0.019770201730677724
0.01626384593221063
0.018945936666910544
0.01989223942073074
0.01932080831531836
0.020387312364621418
0.018322422890503835
0.0195400047140853
0.017181697282661498
0.019428360706516164
0.020773292223419542
0.019154579330146713
0.017676213576799365
0.01907154104195341
0.019762496759769103
0.0189048628141488
0.020778791289462438
0.0203731404084477
0.01881705516599005
0.02081472049013173
0.022168493048032315
0.017868462987430972
0.02126206800142613
0.017833853451835788
0.019509470192950372
0.019120662781778156
0.017547755487596996
0.02115176660485329
0.01873795137197137
0.019185199679792948
0.019481041146314625
0.017432665747903583
0.01999515411434101
0.019587732179303666
0.020755540313558262
0.018570462967984352
0.019686774216473996
0.021747390110101766
0.018760447069550483
0.01986564533975653
0.02152329067702495
0.020316526375021016
0.021093751151526303
0.021256175936322508
0.019005384600222552
0.0190177787284333
0.0190260072947201
0.019406083117227062
0.02084355877269236
0.019299908533127914
0.020038781875420377
0.020666800833393853
0.020665699511781755
0.01877199510968433
0.020411221460214245
0.01796922918467129
0.018919944850223476
0.018218034326412696
0.017645933971896413
0.01792534411637267
0.020174334831186056
0.018708579821399403
0.020561580154209932
0.019056770530399746
0.021727889248779518
0.020209281249329632
0.019800726059639808
0.019233152705228393
0.019313442546937724
0.01728539815536698
0.018655230145462706
0.018959732041259825
0.01955821134795223
0.019035856404845966
0.021031184027739003
0.01853879315058007
0.02168092830144702
0.021846436541984017
0.019361437625134075
0.020569299550708468
0.01879755156778049
0.022441410887029525
0.021363077874215652
0.019096962012886628
0.02069204444141019
0.01978901116808611
0.020519682725884555
0.021073209964704253
0.01959708117083154
0.01782674513570415
0.019219455754899736
0.022372158805481556
0.022539072475018306
0.019547427221005782
0.01918626780606264
0.019548419173201676
0.019061033682793934
0.022254319039143343
0.019263028343428388
0.019485313892709417
0.020890790628136882
0.021346556706940304
0.019182075555150422
0.019527545968041522
0.01913624309270139
0.0223426160989741
0.01969204612163022
0.020720079951548773
0.01919941797017631
0.020488822095769924
0.021797356946005732
0.020596628671812573
0.02162609202996685
0.019915502937119956
0.01845319618008421
0.021928119310528925
0.01911729246446279
0.021757180329092428
0.020644473140484766
0.023161542343423953
0.020045923353302544
0.018796136636787013
0.018242938901090376
0.020946255367376418
0.01941321025404271
0.019768376357398993
0.021145743314758048
0.02265108306060657
0.01993163368965816
0.022853076945478248
0.02149569775597174
0.019718293581865234
0.019326076031719173
0.022662411276360442
0.021641272588067542
0.01881711347929944
0.022294878424349074
0.01801704423248824
0.019197905652903063
0.020114595672374776
0.02002230873188412
0.019809761158021147
0.02010892070765306
0.021689706965966175
0.018249148341600657
0.019699520831361773
0.01942553774287876
0.020085198871707507
0.02095253756264596
0.02143988435666131
0.018197905576210337
0.020103703673202918
0.025635576160828177
0.02242284274833731
0.01906107418664858
0.02070167667997891
0.020556750963739216
0.02024092538987191
0.0193693657944626
0.018554666194326386
0.020083620557653798
0.018421262991451155
0.019377993388757384
0.02070006453264143
0.019410513053208386
0.01746985958004595
0.022633716269880078
0.020014063239909976
0.020960877890085165
0.022508295127155464
0.021582438770976223
0.01963521436665185
0.017325834504149047
0.018846146832879225
0.020201666156037242
0.020326966601699015
0.022091453704535302
0.022287289117321415
0.0211497873023505
0.02073743794643047
0.018623305002970988
0.021807289433353215
0.02327753782420985
0.02094053757479999
0.018694856333353143
0.019420387956186905
0.02018718989779347
0.02042926544266901
0.019728441338325662
0.021896402643176677
0.02080125208741846
0.018293337843302577
0.022512739106972567
0.01970508626861726
0.01907790912591927
0.021294163735407337
0.02228505337178344
0.02274259772240225
0.02138921242521313
0.02136266640511432
0.020780192770737976
0.022325393639252643
0.021079571760480382
0.020821875776426108
0.021817546072767972
0.020430775922515243
0.019090218097041683
0.021703541797128377
0.0232061124539656
0.021009326771756553
0.020621137035244222
0.02100388514816455
0.02184631058142563
0.02026664913166146
0.018707747210953043
0.02067439225950172
0.019001611247103666
0.021108898636647264
0.01939096948729472
0.021432062876778176
0.022243368535623947
0.02081156804650755
0.01933013313529084
0.01974594038366651
0.02063675716627593
0.02031670118020617
0.019395561471377297
0.02166922474872311
0.020566797244796636
0.020874637358365502
0.019462098719027106
0.021882989760157186
0.02088066944101554
0.02123036976833054
0.02207358764620159
0.018760036242897054
0.02196174795085146
0.02063258963118205
0.02127169672894592
0.02047596389484952
0.023225950715300227
0.018664697598733133
0.021284444416396993
0.021488921810208072
0.01913190955518129
0.019475315281371752
0.020743834697667468
0.01814173320290665
0.021598623679269173
0.023092664409135072
0.02311275511765676
0.02174573432700022
0.02009163162703309
0.019130672395213467
0.022052345003350193
0.01992557999299343
0.01974486986611962
0.020070254853532615
0.02000436976194941
0.0204329501279053
0.02030560692858438
0.023029213097186776
0.021114420506710765
0.021707521358926115
0.019354834075589196
0.019488682462551647
0.02159953843849277
0.018917392324603013
0.01990542002112963
0.01834463894499005
0.02050746670301603
0.020604901644899802
0.019958226813504874
0.02173006699041843
0.018904265059327418
0.021881229588278848
0.022319820851712663
0.02067231366191937
0.021870177183648223
0.021088173646084753
0.021512448109458113
0.019246312921408402
0.022250200320556177
0.020415612204823564
0.021238888680586942
0.02024645007685506
0.021164400262180666
0.020344857607874745
0.021975361969132277
0.020672023463846455
0.01751304690685403
0.02243420896030801
0.019966640519643118
0.020907991436184086
0.022723272755637635
0.020962016788271927
0.02104621937550006
0.020480629869695965
0.019679349590873463
0.019660148620735233
0.01988225477546276
0.021759487044741156
0.02155744309559601
0.021081115539249323
0.01950938515615881
0.020763365239850357
0.021270025208101603
0.01924079205380901
0.020995350498486498
0.01829987377683227
0.01904017255046431
0.020336668684047994
0.018657770633758328
0.019991648852748647
0.019421305546321477
0.02084368692121691
0.01935503766860464
0.02113785639652506
0.020811690204339473
0.02039745549144041
0.01947597636951652
0.019219584024046343
0.019005053991892767
0.01743495379078342
0.019794838743904333
0.020924254404357304
0.019705497659004974
0.01773548538038813
0.02114583447508608
0.020069567530967523
0.01957668010087072
0.018368300231212827
0.021076933341194194
0.0189434142899563
0.020119036459929455
0.019341371364694056
0.019329706621226846
0.0180922052488159
0.019702311902581014
0.020975725004617602
0.021125961781567906
0.020960083498919965
0.018458197606532452
0.020559468965234345
0.021106790483491386
0.02186620419097198
0.01821863304665955
0.020863206933011805
0.020237624424219884
0.020514639478162518
0.021936493479120994
0.018504767944286783
0.01961736382270274
0.021258829392688215
0.020491887964776846
0.02013196029379394
0.020814319460835336
0.019643654105646367
0.018513928994324098
0.01873067662118905
0.019124996908804932
0.019576130452979422
0.020421564965866345
0.018115185719382858
0.021084070987373926
0.01974971162740422
0.02011708176663431
0.0219191499978143
0.021218353204128147
0.02016013387947363
0.022650684437816863
0.019486162295449083
0.02113438308667783
0.020008031254620747
0.01830448617870208
0.019270461388047447
0.02053082389974909
0.021481831999159987
0.0199898517395321
0.018779843530281667
0.02153675161294692
0.019051258923364976
0.02169858495633094
0.020102664365956924
0.021062151892867084
0.021086254755169922
0.021220495822361404
0.018765715420077596
0.021499524635733624
0.021290794415062392
0.021059112310769526
0.02042825450332843
0.02016271616103292
0.02273320130014863
0.02275145589633118
0.022963695615297937
0.02059586975375381
0.02178483118751115
0.023319754164837114
0.021533900073980157
0.0205420005209328
0.019170446793883807
0.020181850374786457
0.02264610454553134
0.02092497731997354
0.018993781010283126
0.02139638917380216
0.020146892268147268
0.0200610255388972
0.02113436901484017
0.02024920038860341
0.019842878982558994
0.019178058616521946
0.020912529280427968
0.019799104479377157
0.019420991494876236
0.018669246102486714
0.02112652635900139
0.019378180873454734
0.02263694133174786
0.021759988594578946
0.021094122530363187
0.020439915157953792
0.021787806806743505
0.020317231911605744
0.019522715264159354
0.021327066334654844
0.01932522339169619
0.01913093124872421
0.019440584640860268
0.01950008668379038
0.019748554362105864
0.01854872634176406
0.019253607471254413
0.023140927220175207
0.020665602209378933
0.02044512715940383
0.020250996216128043
0.021701528101245825
0.019891502343132122
0.020006581192442405
0.019221343096455405
0.020942055375238817
0.01993251866506484
0.018953761357763745
0.021823185054947822
0.019537517062548138
0.020174694250161673
0.020149476308590184
0.02213572392892181
0.02004928730720671
0.020645315884924482
0.01972650278584426
0.020300067676634857
0.017764771218554635
0.020590721678469828
0.021338962162758685
0.019610561696502028
0.018430342451827002
0.01872952240524173
0.021565727314249356
0.022494226411526933
0.02173062207047147
0.02101149626606785
0.019955044535025838
0.02273233795061519
0.020413266221718795
0.021164807969528163
0.01990486194420837
0.018924667902713962
0.020908773269904715
0.020827149791941602
0.022394922814073143
0.01962414733223471
0.019187265650225892
0.019132193559685592
0.02039357422416963
0.020633958287352885
0.017992106900112107
0.020028883636137796
0.020238285868591867
0.021107144986954252
0.019909541066994305
0.02000477308343112
0.021548417941724504
0.01953514594504874
0.019825918091150297
0.019921031856426345
0.019282626099826033
0.018163617994504586
0.018583406182454677
0.019276330724226343
0.019761168895637653
0.018245378097535802
0.021026397328328724
0.01975824976981731
0.019635826621643458
0.019730158170729723
0.019976830728333412
0.02019091236307227
0.018593622822508055
0.021989996412857964
0.021187108918748778
0.02099043179772333
0.020978371183230694
0.019575144847366412
0.01968875584285399
0.02003833081932989
0.019122231119739354
0.020668260189362204
0.02130359946737089
0.022985674375930024
0.02076421926435788
0.02013037028928373
0.020992742413504264
0.022246112812382254
0.021022210923150497
0.022164391531842558
0.020355940555022795
0.021388648889221144
0.019492690753019404
0.020928773054754653
0.02068813189894704
0.020284975765120755
0.019103692307005534
0.020941628252930267
0.019279430943555463
0.020977439970216526
0.01973834313793915
0.02106797177382685
0.020136171576662275
0.01939933639981092
0.022485785537019073
0.0200631537941249
0.01990449657867761
0.022988867382459227
0.02278956992738302
0.019634752229832474
0.01945212007451981
0.019549088533908427
0.01860621893422787
0.021931570125795784
0.01959707896160765
0.01963801633632821
0.02102857949795745
0.020785722517898526
0.019873348947968182
0.021484548693295816
0.01909657808512153
0.02311412606504145
0.020875095209444434
0.019279536115904754
0.01870761531358043
0.02036699433393814
0.019383644563982682
0.021180619055030988
0.019751534226964657
0.020526024901489234
0.02197488924770634
0.022124793431460676
0.020951082375060198
0.019756639554108692
0.020223089277136033
0.020380849905285523
0.01761826554494856
0.022525894602214467
0.020658385246464083
0.021886666128470202
0.02119693912498781
0.021393614217666713
0.020638221694270483
0.020873505204280992
0.020609342818929385
0.02360605141886814
0.021160558024305703
0.021091414824481434
0.021054126997420177
0.02015589396646259
0.018090849425617
0.01891468850040387
0.020316598887270176
0.02021947492754328
0.020545687524854372
0.019233271323414836
0.017243741096657085
0.020649095117421374
0.019453711541065843
0.020618781860918103
0.022887474289430096
0.022122517524751358
0.020760513597812436
0.020786580792714233
0.01675962917135219
0.021290002794544127
0.02206686342368373
0.020225750523171087
0.02175196969700482
0.020028400188749303
0.02054452367161818
0.020211941378161884
0.021897539350880662
0.020767649515722304
0.019618738823680818
0.0233684081539958
0.019521163038436127
0.021037345572964432
0.021046425254164954
0.02179266229443568
0.018300065069497495
0.020234269561931126
0.021508224772169595
0.022241645855290478
0.02002420450655954
0.018560128450327965
0.021380342915077448
0.022646072989029042
0.01807405336867223
0.021421351310582405
0.021006118832784037
0.01950865115631181
0.023530149386749247
0.02302866710811825
0.021098470957003897
0.020807115200406553
0.02100063155977361
0.01910268669295252
0.023279005621747163
0.021579824584538925
0.022937413351415272
0.022149895554517872
0.022289275830002273
0.019291180473667097
0.023463608085584446
0.022569409721352792
0.021234954629486442
0.021103203429313485
0.02137291921626659
0.021840651300896602
0.02109868148774667
0.02045038018290213
0.020104780050062956
0.020315291509263332
0.019651065138546548
0.020696401442439793
0.01922862537146385
0.02148362138866669
0.02147783630608126
0.019753129812439287
0.020967711672864056
0.01852899634515853
0.018852897926549494
0.02190861456149328
0.02236449583099696
0.019950213694465625
0.019492632788057015
0.020135910630411192
0.022104504147841927
0.019622807715389018
0.02002868552893985
0.022621560545038163
0.02023375430370505
0.018443334980908246
0.020860868871909074
0.01913754429347632
0.020585952251784317
0.022497337635152503
0.01788386986002044
0.01824363858549255
0.020373501676786924
0.022282653514982206
0.021184756440827842
0.022293638440341185
0.021256452210058868
0.017387846771627562
0.020027774967247045
0.020520352340970528
0.022165786075492796
0.020102124160498717
0.02242776635279306
0.020126932853170194
0.01908932069693911
0.021158115953271942
0.019781744058037558
0.022786386606355097
0.02102914072552884
0.020624830258330937
0.021155170890027858
0.020496529404416753
0.020106086726691157
0.020442406115125045
0.020899722387381945
0.022671929529643784
0.020227254776565007
0.02154529494807367
0.019558374393703958
0.019350451004230326
0.020846653230214136
0.020596473310593263
0.02131323138118171
0.021169597629218228
0.01897304980797577
0.02087184697557033
0.020737124093945545
0.0190046966563004
0.02068031939492409
0.020282336816915717
0.02206445232961442
0.021275079667564086
0.020772758265067685
0.01848251870803341
0.01871738703251877
0.022709829250284586
0.02016961108260567
0.0185665588422784
0.021579369586610997
0.020297512398276575
0.021742160864027686
0.019082987863359723
0.02077448696385035
0.020368200657590086
0.020067997775595453
0.021453121633135907
0.02194688429116136
0.02168083764999083
0.020589725732357154
0.019217632212657553
0.020123872976670606
0.02120210012973716
0.02001143390942065
0.02083664304222278
0.021316918558817524
0.020608344262592292
0.020450557305169228
0.02042737835298049
0.022735067378264015
0.021155735280604743
0.020067460030092174
0.0186186297358134
0.02114001486502223
0.019714996885266862
0.02095799571824955
0.019331643203543844
0.02084735733859601
0.01923037303249515
0.022140091375007376
0.018459527362724926
0.022135272771679263
0.02086397941625928
0.021713109635297122
0.020210592213926244
0.02101504991863749
0.01923611251706844
0.020839037090970444
0.020452295891420995
0.023917008437456932
0.02150277294560686
0.021144264537564583
0.01990291545850118
0.01984635676139338
0.01975557448163054
0.019573019732646853
0.021294080755730336
0.021534180210197096
0.022376684334034704
0.019781484160095425
0.021832578618886458
0.020828569316473762
0.020743055028165508
0.020087880842050404
0.020127003038942288
0.0196413318772093
0.020661751969008296
0.020358090983225656
0.02116972086665927
0.020757078966662342
0.020798069226292005
0.020687220107893034
0.01856201846066305
0.021100754749882846
0.020268695207426433
0.02151472387783117
0.02120737254476374
0.02052691741497548
0.019243438469806286
0.019982027458780496
0.021613889761327915
0.021235944417131315
0.021294659725916217
0.022532362400801243
0.020611928530877368
0.017922095305640144
0.019048808441405028
0.019291386994624377
0.021299371900622574
0.020813984507666757
0.02025337974302812
0.02047189544778603
0.0214533117695954
0.021341013060960732
0.020729986699952418
0.02244148333587362
0.02250308865282794
0.020637738658392104
0.018655823425187235
0.017556827634713456
0.02196063226074743
0.022612221301579014
0.018355457226957073
0.02137660012726808
0.02068877532495964
0.02208975153494225
0.022271303508794204
0.021355981221681457
0.021036343327233042
0.020922157362455868
0.019161441485586808
0.02094829251059728
0.0216344966239002
0.021038865530116437
0.019767368986144562
0.01984148233959453
0.020441343836289587
0.020074872411113002
0.021261710207192093
0.021613549307762898
0.020111275445859667
0.021448240464444213
0.02167724692151673
0.021108003507028482
0.0220930306028325
0.02160531871147946
0.02185285815210643
0.02042140458258089
0.020829463490862277
0.02211042742638268
0.02023449692820254
0.019938104615335912
0.01997249626331073
0.018121760311710287
0.02056719178269814
0.02188502585122079
0.020235991599058162
0.021633405080821348
0.021486406576633345
0.024378787581211564
0.021003264548741712
0.02198329812819687
0.018466741875135372
0.02126902702680798
0.021345539983665587
0.018947489346260574
0.020022705403321506
0.01920343356696733
0.018681254340516918
0.019763086132480377
0.020309956228797957
0.02084193142143913
0.01992314380559852
0.021223282989848904
0.02158849435225551
0.02034201272176251
0.022380584627037254
0.02191653877424059
0.01848613979578706
0.022476030959482186
0.022335846345320706
0.022876890644091173
0.021058736232522357
0.022995460189111243
0.020329532044863066
0.020650455393112294
0.02128464234183702
0.02010223943779431
0.018335004250727097
0.02065112156938091
0.021101556239122143
0.01813429436899867
0.02217426408996246
0.023025216076514952
0.017625936238786707
0.022072859960883724
0.022031690972006034
0.02233727869549086
0.0203555469571723
0.02068980575384539
0.01950807933954153
0.019277297250715572
0.019608650236052096
0.01958917600593439
0.020861335280634455
0.02026813490021081
0.01909542829152664
0.017467035558905792
0.02201185401333534
0.01986083489808373
0.019586323367075748
0.021793479089886353
0.020387862640784796
0.020211407924813494
0.01880064525961253
0.02006770176096738
0.02207967988864119
0.019757840746155674
0.020306357030648467
0.01913803784005816
0.020889711805663635
0.02080512836907744
0.02084411499145863
0.018861084814755364
0.02035332558300115
0.021683614447063862
0.021887685453510122
0.019896855172259025
0.02037296016462907
0.022777373959301947
0.023751426830549538
0.021487500545492894
0.02011611837673419
0.017917578384733755
0.01941980158439274
0.022435736525780386
0.02034901180386153
0.021453921735416957
0.02185587042079147
0.019776746362013285
0.021493729570231955
0.02192804319814
0.01935925420293044
0.021191809774307548
0.02115829521723025
0.020361313322773588
0.01869606232313518
0.021203364657930514
0.020765726699378463
0.021005584867046356
0.021103794520374284
0.02032758340290414
0.02024952437062905
0.02072787401914672
0.019068659464884997
0.022369961912203102
0.019727106783229576
0.020098771468554415
0.021447023810373913
0.018333983549123443
0.022472023320430797
0.021665129668247365
0.02050748956941585
0.02013164673666174
0.021074970089307424
0.020196958134209755
0.019472533613147283
0.02232251073907436
0.018882606903797016
0.0202626849411835
0.01893422461243118
0.02056799336201078
0.021941503801088145
0.01925675872408526
0.023469157204203218
0.021424410450719644
0.017785592835742346
0.0198826926826719
0.020903054869937078
0.02088910594035227
0.0201247450279669
0.022552704245038278
0.02039018773419549
0.020529088623764635
0.019169498127685418
0.019856672562198186
0.020747540380456668
0.022496011129139393
0.01974039780273481
0.021880280954458868
0.020868865984194334
0.01970670198046263
0.021209120062625462
0.020856013160693104
0.017802493757219564
0.020446286354664684
0.02084512364231638
0.019349821431278336
0.020633081866366604
0.018279524590292525
0.022617972046684767
0.02016866965728045
0.021171340315287918
0.02200938613640397
0.02098694928936521
0.020536688270742228
0.02237196790911866
0.020683641880362296
0.02034601780892786
0.02016947359220695
0.020404700845232365
0.023644109775263964
0.021267025156944057
0.020967596295852178
0.018726260399104383
0.020047702522306216
0.02299411505365777
0.01955548607781135
0.021640410402034384
0.020114159324143732
0.021644392999212437
0.02267315118555145
0.021189469066039187
0.02096801708807795
0.019435373251724297
0.022737518324804962
0.02245086259573531
0.02241093443007279
0.019664070021460374
0.01980131436630472
0.019922538141085865
0.01974604244500312
0.019171099694427214
0.022357445999684585
0.023313017475071293
0.02034172548652014
0.021304954078329084
0.021332881344966453
0.01890716621545179
0.022126933008572353
0.021212528683889637
0.020122347808402635
0.020975616024247933
0.0186469716016219
0.020794880303772287
0.02460733132556844
0.0224210967127696
0.02164928487340521
0.0181541523806292
0.021257912711342645
0.021297365895419362
0.01850072107726165
0.019726181159642947
0.020870066503662816
0.02132624238600854
0.022695207785335375
0.021071232451665634
0.021422922210640176
0.022049050752667776
0.017368952696099952
0.024319840214281352
0.021489331029356663
0.018817469428456416
0.01964878095149062
0.022078381274668293
0.022463905400678632
0.021878493270370163
0.018100660481455727
0.0197133513546342
0.0219522200568359
0.02109276382774616
0.021255969525229804
0.019650299457012545
0.0204403323072719
0.019501500753382566
0.01922350290026676
0.019132607064183807
0.020730732457742738
0.021587696651003727
0.0190252947449593
0.020192353822660273
0.021727427696316748
0.021710773821999447
0.020720288472947525
0.020022411800091053
0.020133887183979272
0.019602393800244526
0.019789667232352533
0.02009427733663737
0.019944080660095738
0.021858389199405488
0.02095490282617272
0.0195863572287587
0.01840311305280842
0.02111438726687691
0.021473561468917532
0.02209430134750497
0.020691449284340573
0.020622797111598142
0.017499650910118028
0.018389856891679216
0.020595751542993274
0.01982124614228129
0.020177647550713686
0.019555789787359112
0.019757065349705324
0.02056404544879649
0.020115451951333407
0.020026386560724006
0.019487414127265023
0.018678952785899858
0.02013352455723862
0.018343199421383072
0.020394005669136163
0.017748708350086427
0.019857455868108644
0.017302324527654248
0.01980659844350252
0.02027545460658381
0.020717100422338094
0.017651128485528578
0.020871618074524416
0.02046704015160819
0.02005682890379897
0.01917398687596344
0.01988882947106255
0.017711339933477246
0.020223557198616727
0.017509776607768163
0.01917989562213449
0.01831916379198488
0.01988586060288021
0.02057985615257635
0.01796215836888143
0.0205251567796801
0.017991187832982605
0.022078067469038638
0.020460158085882797
0.020496111081430738
0.018742624213414792
0.01950719933655298
0.018156259099237335
0.018172904775944677
0.019710977336285997
0.019137285567936944
0.01837226777284884
0.01956375398776148
0.021381605992382827
0.018928101207372643
0.01916016647987167
0.019150613540136502
0.02076436675890958
0.019814589537319717
0.01878193160923196
0.01943275605864287
0.02052028302611315
0.019114356381851716
0.019737066178968452
0.017761759008231678
0.020098648450875303
0.018558946505464746
0.020404801550139278
0.01781334485080708
0.022688199194878012
0.01760098245474024
0.019619832728906553
0.019364763196489478
0.01966981691478096
0.0183888903007574
0.018485843187131222
0.019842772150960662
0.020866984549468524
0.018010288069055216
0.02136934334252423
0.019263211977263137
0.016467287344350896
0.020109114626784757
0.021767680931882145
0.01937651897959095
0.019843959920620095
0.020283273964219365
0.021181047174573225
0.019755296928899505
0.021111888911983335
0.02208715385908752
0.020469985594950547
0.01983249513992551
0.016023239877422088
0.0171876956009477
0.021012799928381298
0.01977656848544159
0.018642573781321264
0.01962698529632228
0.018779624093304647
0.019444282584265442
0.01957366774756797
0.017988471663866027
0.02180395214077968
0.018820058847267673
0.020096550425030276
0.0172343459252064
0.0191494691233618
0.022974330859528515
0.019546148445024617
0.019870530089950433
0.018724621924776107
0.021518218041601506
0.018995860350835784
0.018490124457110336
0.018679099203339933
0.018578838229453658
0.019219630701076962
0.018121869660993717
0.021720772376669358
0.01968962538752769
0.02017385467620401
0.02016830637400137
0.020026903985628917
0.01846651228278373
0.02010681555672581
0.02181365382897047
0.019449083008675424
0.019235034107754602
0.019168280161339923
0.021506262142983717
0.018197036016995894
0.019960327454229786
0.022085355632016822
0.01866587496381201
0.019259685334948585
0.019517465585533245
0.020470995067525817
0.019093645569665946
0.016836868143537645
0.024111844598085904
0.02016975137726604
0.019252852453094365
0.02027543249144061
0.020468068245772696
0.018883448031808844
0.018524620488754456
0.017750554330271718
0.019203037292805276
0.020798064785547448
0.021653789486437664
0.018407710897401213
0.01929321829993291
0.019924836107023114
0.01936374280154951
0.01902743550087209
0.018862560513557773
0.022135437081012278
0.0196729366986889
0.019359652544926373
0.01831463481557337
0.018199685591372396
0.020911860637145476
0.017808336427524225
0.024452829213253605
0.01670109758870603
0.01878473535160116
0.018958174469127557
0.020149332253651286
0.020637127564258957
0.022501584020404225
0.021418318537881283
0.019305590188660154
0.0170444332533898
0.019599729080824416
0.01910286673441351
0.02008952764772494
0.019422410160777732
0.01984203775097244
0.020681818141897276
0.020092038781632696
0.019968858533944586
0.0190974572889317
0.021052906545784858
0.019554934811816835
0.021425939761589234
0.02099386509791296
0.017433539743930696
0.01992114613789776
0.018684814539572055
0.021852191824669954
0.02115686819522209
0.017592459269321275
0.020363995015814984
0.02083034773572802
0.019555668362900798
0.019765108821535204
0.019856934663191324
0.01993229623702033
0.02135749862871664
0.020111611366566286
0.018782252184487095
0.019433030533593795
0.01973888204516924
0.018710320045797146
0.019523652902732096
0.02103410158199524
0.017430264999985325
0.019484372672533574
0.019964974144563517
0.020080061636131318
0.021177809267484127
0.019048273483034877
0.020686255725399536
0.018517765816483314
0.017684000838185297
0.019467569053114368
0.019986021419721542
0.02013868849411676
0.020033962768971427
0.01831131386959031
0.01752944929233559
0.01968618216152468
0.02035848311744794
0.018881763084419106
0.01871594163070924
0.019168589570252737
0.020061092137509236
0.01859768136463775
0.020841625223196054
0.021029213158294847
0.02016837394118731
0.0201927385189469
0.019184278432148396
0.02027805476627532
0.01799384188538829
0.02063076131029228
0.019158085601896413
0.022263889215597736
0.02080542501002636
0.020413755590381163
0.02190937655698489
0.020262926216059962
0.02189148723840333
0.0229010322951335
0.01932614257217459
0.020056043746919452
0.022412305716270814
0.020761495155525552
0.020680574135023794
0.022845081554975995
0.021284391313902813
0.02122584524028934
0.017492408637001106
0.019274640956202103
0.02041939531183558
0.020330522816777826
0.021747273428031635
0.022573159750764994
0.01994103226039434
0.021242429554968512
0.022974747782820194
0.018276232424276305
0.019404432450526244
0.02031368272745593
0.01939414316912663
0.020091798406665445
0.018845470464249586
0.020235512577064015
0.021760686595481797
0.019692756752248658
0.02156127798117918
0.020173011037116925
0.01967204640263947
