    km    g/cm^3    K    
   50.0 8.373E-07  257.9
   51.0 7.391E-07  256.4
   52.0 6.523E-07  254.6
   53.0 5.756E-07  252.8
   54.0 5.075E-07  250.9
   55.0 4.470E-07  249.0
   56.0 3.933E-07  247.2
   57.0 3.456E-07  245.4
   58.0 3.034E-07  243.7
   59.0 2.660E-07  242.1
   60.0 2.330E-07  240.6
   61.0 2.038E-07  239.1
   62.0 1.781E-07  237.7
   63.0 1.555E-07  236.3
   64.0 1.356E-07  235.0
   65.0 1.182E-07  233.8
   66.0 1.029E-07  232.7
   67.0 8.947E-08  231.6
   68.0 7.775E-08  230.6
   69.0 6.750E-08  229.6
   70.0 5.856E-08  228.7
   71.0 5.076E-08  227.9
   72.0 4.397E-08  227.1
   73.0 3.811E-08  226.4
   74.0 3.303E-08  225.3
   75.0 2.864E-08  223.9
   76.0 2.484E-08  222.3
   77.0 2.154E-08  220.4
   78.0 1.868E-08  218.3
   79.0 1.618E-08  216.0
   80.0 1.400E-08  213.7
   81.0 1.210E-08  211.3
   82.0 1.045E-08  208.9
   83.0 9.000E-09  206.5
   84.0 7.739E-09  204.1
   85.0 6.642E-09  201.7
   86.0 5.688E-09  199.5
   87.0 4.861E-09  197.3
   88.0 4.144E-09  195.3
   89.0 3.526E-09  193.4
   90.0 2.993E-09  191.7
   91.0 2.535E-09  190.2
   92.0 2.142E-09  188.9
   93.0 1.806E-09  187.8
   94.0 1.519E-09  187.0
   95.0 1.275E-09  186.5
   96.0 1.069E-09  186.4
   97.0 8.935E-10  186.7
   98.0 7.458E-10  187.5
   99.0 6.216E-10  188.7
  100.0 5.173E-10  190.6
  101.0 4.300E-10  193.0
  102.0 3.573E-10  196.1
  103.0 2.969E-10  199.9
  104.0 2.468E-10  204.3
  105.0 2.053E-10  209.5
  106.0 1.711E-10  215.5
  107.0 1.428E-10  222.3
  108.0 1.195E-10  230.1
  109.0 1.001E-10  238.8
  110.0 8.417E-11  248.6
  111.0 7.093E-11  259.6
  112.0 5.996E-11  271.9
  113.0 5.086E-11  285.5
  114.0 4.330E-11  300.4
  115.0 3.703E-11  316.7
  116.0 3.180E-11  334.1
  117.0 2.746E-11  352.7
  118.0 2.384E-11  372.1
  119.0 2.084E-11  391.9
  120.0 1.835E-11  411.4
  121.0 1.629E-11  430.0
  122.0 1.460E-11  446.6
  123.0 1.324E-11  459.8
  124.0 1.207E-11  471.7
  125.0 1.104E-11  483.3
  126.0 1.013E-11  494.5
  127.0 9.316E-12  505.5
  128.0 8.592E-12  516.1
  129.0 7.943E-12  526.4
  130.0 7.359E-12  536.5
  131.0 6.833E-12  546.2
  132.0 6.356E-12  555.7
  133.0 5.924E-12  565.0
  134.0 5.531E-12  573.9
  135.0 5.172E-12  582.7
  136.0 4.844E-12  591.2
  137.0 4.543E-12  599.4
  138.0 4.267E-12  607.4
  139.0 4.013E-12  615.2
  140.0 3.779E-12  622.8
  141.0 3.562E-12  630.2
  142.0 3.362E-12  637.4
  143.0 3.176E-12  644.3
  144.0 3.004E-12  651.1
  145.0 2.844E-12  657.7
  146.0 2.694E-12  664.1
  147.0 2.555E-12  670.3
  148.0 2.425E-12  676.4
  149.0 2.304E-12  682.3
  150.0 2.190E-12  688.0
  151.0 2.083E-12  693.6
  152.0 1.983E-12  699.0
  153.0 1.890E-12  704.3
  154.0 1.801E-12  709.4
  155.0 1.718E-12  714.4
  156.0 1.640E-12  719.2
  157.0 1.566E-12  723.9
  158.0 1.497E-12  728.5
  159.0 1.431E-12  733.0
  160.0 1.369E-12  737.3
  161.0 1.308E-12  741.5
  162.0 1.253E-12  745.6
  163.0 1.200E-12  749.6
  164.0 1.151E-12  753.5
  165.0 1.103E-12  757.2
  166.0 1.058E-12  760.9
  167.0 1.016E-12  764.5
  168.0 9.752E-13  767.9
  169.0 9.367E-13  771.3
  170.0 9.000E-13  774.6
  171.0 8.650E-13  777.8
  172.0 8.317E-13  780.9
  173.0 8.000E-13  783.9
  174.0 7.698E-13  786.8
  175.0 7.409E-13  789.7
  176.0 7.133E-13  792.5
  177.0 6.870E-13  795.2
  178.0 6.618E-13  797.8
  179.0 6.378E-13  800.3
  180.0 6.147E-13  802.8
  181.0 5.927E-13  805.2
  182.0 5.717E-13  807.6
  183.0 5.515E-13  809.9
  184.0 5.322E-13  812.1
  185.0 5.136E-13  814.2
  186.0 4.959E-13  816.4
  187.0 4.789E-13  818.4
  188.0 4.625E-13  820.4
  189.0 4.469E-13  822.3
  190.0 4.318E-13  824.2
  191.0 4.174E-13  826.0
  192.0 4.035E-13  827.8
  193.0 3.901E-13  829.5
  194.0 3.773E-13  831.2
  195.0 3.650E-13  832.9
  196.0 3.531E-13  834.5
  197.0 3.417E-13  836.0
  198.0 3.308E-13  837.5
  199.0 3.202E-13  839.0
  200.0 3.100E-13  840.4
  201.0 3.002E-13  841.8
  202.0 2.908E-13  843.2
  203.0 2.817E-13  844.5
  204.0 2.729E-13  845.8
  205.0 2.645E-13  847.0
  206.0 2.564E-13  848.2
  207.0 2.485E-13  849.4
  208.0 2.409E-13  850.5
  209.0 2.336E-13  851.6
  210.0 2.266E-13  852.7
  211.0 2.198E-13  853.8
  212.0 2.132E-13  854.8
  213.0 2.068E-13  855.8
  214.0 2.007E-13  856.8
  215.0 1.948E-13  857.7
  216.0 1.891E-13  858.6
  217.0 1.835E-13  859.5
  218.0 1.782E-13  860.4
  219.0 1.730E-13  861.3
  220.0 1.680E-13  862.1
  221.0 1.632E-13  862.9
  222.0 1.585E-13  863.7
  223.0 1.540E-13  864.4
  224.0 1.497E-13  865.2
  225.0 1.454E-13  865.9
  226.0 1.413E-13  866.6
  227.0 1.374E-13  867.3
  228.0 1.335E-13  867.9
  229.0 1.298E-13  868.6
  230.0 1.262E-13  869.2
  231.0 1.227E-13  869.8
  232.0 1.194E-13  870.4
  233.0 1.161E-13  871.0
  234.0 1.129E-13  871.5
  235.0 1.098E-13  872.1
  236.0 1.069E-13  872.6
  237.0 1.040E-13  873.1
  238.0 1.012E-13  873.6
  239.0 9.847E-14  874.1
  240.0 9.584E-14  874.6
  241.0 9.329E-14  875.1
  242.0 9.082E-14  875.5
  243.0 8.842E-14  876.0
  244.0 8.609E-14  876.4
  245.0 8.383E-14  876.8
  246.0 8.163E-14  877.2
  247.0 7.950E-14  877.6
  248.0 7.744E-14  878.0
  249.0 7.543E-14  878.4
  250.0 7.348E-14  878.7
  251.0 7.159E-14  879.1
  252.0 6.976E-14  879.4
  253.0 6.797E-14  879.8
  254.0 6.624E-14  880.1
  255.0 6.456E-14  880.4
  256.0 6.292E-14  880.7
  257.0 6.133E-14  881.0
  258.0 5.979E-14  881.3
  259.0 5.829E-14  881.6
  260.0 5.683E-14  881.9
  261.0 5.541E-14  882.1
  262.0 5.403E-14  882.4
  263.0 5.269E-14  882.7
  264.0 5.139E-14  882.9
  265.0 5.012E-14  883.1
  266.0 4.889E-14  883.4
  267.0 4.769E-14  883.6
  268.0 4.653E-14  883.8
  269.0 4.539E-14  884.0
